0.122112036	5.0935316	0	2.3031049	0.05
0.14516766	5.276169	100	2.3022864	0.11
0.1125542	5.654602	200	2.3016486	0.17
0.13346016	6.470936	300	2.3008723	0.24
0.11017554	7.40135	400	2.2998657	0.29
0.16309781	8.661517	500	2.2991996	0.29
0.14999774	10.067434	600	2.2988267	0.32
0.14901802	11.916177	700	2.2977285	0.33
0.08928078	14.006977	800	2.2982817	0.33
0.13501458	15.120554	900	2.2974858	0.34
0.33141205	17.813816	1000	2.2936664	0.36
0.2094044	20.155973	1100	2.2962387	0.35
0.15194322	21.89808	1200	2.2951007	0.35
0.33973834	24.740158	1300	2.297418	0.35
0.25365725	23.428007	1400	2.295363	0.35
0.14823891	25.358055	1500	2.2927015	0.35
0.312942	25.50035	1600	2.2918937	0.35
0.22230418	25.53894	1700	2.2931073	0.35
0.24662171	27.25287	1800	2.2872562	0.35
0.23997647	28.553602	1900	2.2928395	0.36
0.32378015	29.173023	2000	2.284965	0.36
0.37562975	28.010792	2100	2.28604	0.36
0.2727872	29.292706	2200	2.2873812	0.36
0.28289482	28.639944	2300	2.2880216	0.36
0.4240554	28.6335	2400	2.2832599	0.35
0.3834725	28.42215	2500	2.2831624	0.36
0.54345334	29.109077	2600	2.2853544	0.36
0.31593782	31.109776	2700	2.2836525	0.36
0.5103347	30.634926	2800	2.2822552	0.36
0.3637199	31.843864	2900	2.2813694	0.36
0.3411819	32.510963	3000	2.2842505	0.37
0.71576196	30.439247	3100	2.2722268	0.37
0.5139944	31.702309	3200	2.270121	0.36
0.88048184	30.535364	3300	2.2636414	0.36
0.88048184	31.683865	3400	2.2796702	0.37
0.63194674	32.07264	3500	2.2607014	0.37
0.6046375	30.951302	3600	2.2706323	0.37
1.379352	31.792006	3700	2.261454	0.35
0.7347985	32.729668	3800	2.2738438	0.36
0.9345525	30.642431	3900	2.2609334	0.36
1.7033123	28.388966	4000	2.2480762	0.36
1.3958071	30.226215	4100	2.246661	0.36
1.5398866	29.908535	4200	2.245022	0.36
1.7308221	31.87664	4300	2.2526975	0.36
1.5124524	29.705048	4400	2.2494578	0.36
1.5676544	29.838516	4500	2.2438183	0.36
2.7371	29.383888	4600	2.2242765	0.35
2.0520875	27.713032	4700	2.2277532	0.35
1.9947782	29.481781	4800	2.2265527	0.35
2.7311575	30.03416	4900	2.229587	0.36
8.927037	27.986414	5000	2.1794224	0.36
11.221446	28.873951	5100	2.1543891	0.36
1.525134	27.725735	5200	2.2338054	0.36
3.3528538	27.378975	5300	2.220759	0.36
3.2987423	28.009514	5400	2.25015	0.36
3.2163098	29.08139	5500	2.2146885	0.36
6.443845	27.200571	5600	2.159307	0.36
3.6074553	26.788216	5700	2.2182097	0.36
6.541839	27.802837	5800	2.2043335	0.36
4.7770853	27.539	5900	2.2278063	0.36
10.542316	28.515236	6000	2.160396	0.37
6.875483	26.851973	6100	2.1928024	0.37
4.6159143	28.04338	6200	2.1713703	0.37
5.0244126	29.115349	6300	2.1803734	0.37
8.337338	27.030296	6400	2.1532454	0.37
7.288947	29.545221	6500	2.1648955	0.39
7.6028094	27.827633	6600	2.1537673	0.38
6.894891	28.282503	6700	2.1898067	0.39
10.377294	26.658165	6800	2.1420875	0.39
4.843383	27.277687	6900	2.178968	0.4
12.678602	27.703262	7000	2.1452243	0.39
7.774923	28.222569	7100	2.1429138	0.41
9.883412	28.542736	7200	2.113903	0.43
5.3859906	28.13853	7300	2.2378953	0.43
8.847024	27.4864	7400	2.2098727	0.43
9.622705	27.730694	7500	2.113742	0.43
7.803994	28.070593	7600	2.0944533	0.44
11.446863	27.651997	7700	2.0517156	0.44
9.010709	27.091139	7800	2.1254716	0.44
24.114408	26.81044	7900	2.08318	0.45
10.827618	27.321686	8000	2.0911746	0.44
10.131164	25.650808	8100	2.2095442	0.45
15.102061	27.870146	8200	2.1330864	0.45
18.789108	28.72182	8300	2.1107736	0.46
10.34395	27.111202	8400	2.0949388	0.47
10.42713	27.926573	8500	2.132729	0.47
12.823144	26.43553	8600	2.1160378	0.47
12.426061	27.96276	8700	2.028709	0.48
11.180116	26.881855	8800	2.039085	0.47
11.581035	27.769085	8900	2.1487403	0.48
26.591036	28.478306	9000	2.0295486	0.49
12.31896	27.740543	9100	2.02593	0.5
10.779173	29.394463	9200	2.0554593	0.5
21.583336	28.189728	9300	1.9983618	0.51
19.41317	28.410828	9400	1.9852177	0.51
19.328901	27.340664	9500	1.9860119	0.51
32.31676	27.782154	9600	1.9944359	0.51
24.253445	27.892021	9700	1.9257218	0.51
20.676126	27.974743	9800	1.9909455	0.53
26.37468	25.85746	9900	2.1117187	0.54
18.951113	27.953121	10000	2.0148354	0.54
39.02144	27.523418	10100	1.9921795	0.54
22.06436	26.023079	10200	2.0427651	0.54
24.771833	27.01597	10300	2.0135732	0.55
30.204033	26.984356	10400	1.9840863	0.54
40.31917	26.98569	10500	2.0463986	0.55
26.038698	27.122658	10600	1.9572464	0.57
29.93296	28.546032	10700	1.9924984	0.57
27.374268	26.595509	10800	2.0046184	0.6
25.060228	26.889	10900	1.9912205	0.59
23.66655	26.580318	11000	2.021142	0.6
17.724808	27.324423	11100	2.0027938	0.6
25.823025	27.917198	11200	1.8496174	0.6
17.015396	27.238422	11300	1.8313997	0.6
21.27682	25.481533	11400	2.0725207	0.6
16.924273	26.389088	11500	1.8952777	0.59
29.013405	27.388084	11600	2.0170486	0.59
14.381708	26.134363	11700	2.0909069	0.59
20.5363	27.727741	11800	1.9086069	0.6
14.830321	26.539684	11900	1.932058	0.6
26.745182	26.254787	12000	1.9949963	0.6
33.22563	26.313122	12100	2.0370545	0.6
45.402084	26.557224	12200	1.9257634	0.6
19.118341	25.794424	12300	1.943985	0.6
21.898804	26.462639	12400	1.9002945	0.6
20.252884	28.215347	12500	1.8999256	0.6
23.42821	28.7369	12600	1.977143	0.6
18.670704	24.868307	12700	1.9581716	0.61
44.283863	27.008293	12800	1.8770603	0.61
40.52629	27.574944	12900	1.9067023	0.62
28.069479	25.102901	13000	2.003296	0.62
22.785767	27.728828	13100	1.8690491	0.62
20.56022	26.11314	13200	1.8918861	0.62
16.409801	28.50504	13300	1.863637	0.62
23.362291	27.844343	13400	1.8549763	0.62
34.559036	26.750196	13500	2.0087116	0.62
35.399555	27.247482	13600	1.8306143	0.62
19.8858	27.180058	13700	1.9465927	0.62
66.88109	28.150036	13800	1.934892	0.62
13.935677	26.323727	13900	1.9171956	0.62
47.055237	26.485266	14000	1.7675651	0.62
23.792513	25.710028	14100	1.9516137	0.62
28.326118	26.815634	14200	1.928387	0.62
34.874744	27.102547	14300	1.8478348	0.62
17.115835	25.82569	14400	1.7924404	0.62
23.997398	26.005375	14500	1.8673763	0.62
24.664364	26.292114	14600	1.8760548	0.62
32.365196	26.096958	14700	1.8078601	0.62
42.648975	26.330463	14800	1.9467669	0.62
50.68382	26.178	14900	1.9536186	0.62
24.681564	25.128551	15000	1.8792601	0.62
25.00074	27.079517	15100	1.851072	0.62
44.24918	25.942291	15200	1.9685204	0.62
50.564163	27.376274	15300	1.8683243	0.62
28.575018	25.331038	15400	1.9509035	0.62
26.141617	25.802687	15500	1.8200785	0.62
53.117455	26.620853	15600	1.8965013	0.62
31.442577	27.363752	15700	1.8751217	0.62
28.832626	25.501734	15800	1.835181	0.62
63.575546	25.827017	15900	1.8272007	0.63
55.36106	26.758373	16000	1.8139904	0.62
14.833006	25.098755	16100	1.9705162	0.62
29.064363	26.678656	16200	1.782711	0.63
34.291016	26.93599	16300	1.912019	0.63
42.892895	27.10701	16400	1.9304588	0.63
42.398087	26.041767	16500	1.8667328	0.63
29.310444	25.016632	16600	1.9742012	0.63
31.364685	25.26146	16700	1.9030964	0.62
42.852047	26.405312	16800	1.9187791	0.62
25.660442	26.350449	16900	1.8878	0.62
40.35991	26.090948	17000	1.9003408	0.62
22.816505	26.042862	17100	1.7525301	0.62
29.677233	26.704071	17200	1.8122746	0.62
34.76612	25.314735	17300	1.8977957	0.63
33.382698	25.194633	17400	1.9150499	0.64
20.594383	26.12567	17500	1.8685328	0.64
52.069897	26.947283	17600	1.9176095	0.63
16.751823	24.599865	17700	1.8803246	0.64
16.37453	25.034414	17800	1.900631	0.64
41.070755	26.928894	17900	1.826668	0.64
22.497547	26.263035	18000	1.7771647	0.64
18.937836	25.459179	18100	1.899833	0.64
38.324226	26.506248	18200	1.8730259	0.63
78.73287	27.529898	18300	1.8528303	0.64
27.012402	26.445522	18400	1.9034204	0.64
14.900991	25.130527	18500	1.8866819	0.64
23.37644	27.885555	18600	1.7810425	0.64
35.43337	25.049967	18700	1.9262409	0.64
14.26639	26.052105	18800	1.8154224	0.64
27.023512	25.233969	18900	1.8403183	0.64
28.122458	24.034214	19000	1.8831923	0.64
13.436082	26.573208	19100	1.8025153	0.64
17.672075	25.731995	19200	1.8761714	0.64
64.55805	29.430449	19300	1.784779	0.64
59.480904	26.428982	19400	1.7430487	0.64
26.725039	27.04268	19500	1.8771851	0.64
12.049022	25.03805	19600	1.9298271	0.64
48.46312	27.254332	19700	1.7197739	0.64
24.237164	27.096485	19800	1.8189125	0.64
31.88464	24.874483	19900	1.8846878	0.64
45.601322	26.73615	20000	1.8261597	0.64
26.43922	25.103634	20100	1.959306	0.64
14.706564	25.548578	20200	1.76509	0.64
25.621853	24.76186	20300	1.8195957	0.64
37.87761	26.593664	20400	1.7840774	0.64
22.424675	26.812965	20500	1.7736332	0.64
23.147327	26.405434	20600	1.8523926	0.64
25.07159	25.99923	20700	1.7420018	0.64
25.013083	25.068586	20800	1.7699791	0.64
17.46199	24.939884	20900	1.8633159	0.64
26.632866	25.682526	21000	1.8878725	0.64
83.589806	25.661947	21100	1.8652169	0.64
22.852083	24.587177	21200	1.8589985	0.64
25.543049	24.906511	21300	1.9268173	0.64
36.635296	25.78205	21400	1.8732021	0.64
34.532883	25.16596	21500	1.7502339	0.63
74.41816	26.322273	21600	1.9183624	0.64
14.698787	27.337158	21700	1.7729843	0.64
84.36662	25.531502	21800	1.8021683	0.64
39.09131	26.478909	21900	1.7736475	0.65
30.095932	25.509315	22000	1.8459908	0.67
20.393162	24.270992	22100	1.7664578	0.67
81.49026	24.601082	22200	1.7793553	0.67
36.340622	24.108673	22300	1.7761619	0.68
60.148167	24.515697	22400	1.8017143	0.68
25.918161	23.807682	22500	1.7834642	0.68
27.40015	25.625217	22600	1.7418773	0.68
90.89437	24.348787	22700	1.8311799	0.68
30.542097	23.6074	22800	1.7331688	0.67
98.92463	24.78238	22900	1.7268883	0.69
26.628853	24.093048	23000	1.8135242	0.69
71.51587	24.698227	23100	1.8533595	0.71
51.729248	24.121834	23200	1.8245955	0.71
63.846832	25.135868	23300	1.834266	0.72
59.671204	25.537651	23400	1.8162512	0.71
72.564224	25.705658	23500	1.8909845	0.71
74.046394	23.682903	23600	1.8990107	0.7
43.20874	25.460312	23700	1.7313673	0.7
36.83937	24.226658	23800	1.7445233	0.7
52.035225	24.378975	23900	1.8230693	0.7
86.78541	25.970757	24000	1.6410744	0.7
52.689003	25.5352	24100	1.8005337	0.72
30.942389	25.56778	24200	1.7270005	0.71
28.005726	25.115658	24300	1.7573076	0.72
57.80328	25.48988	24400	1.7327406	0.72
30.270498	23.52425	24500	1.8087727	0.72
11.16847	23.995914	24600	1.7798183	0.72
23.225906	22.638885	24700	1.7912903	0.71
31.74133	23.249142	24800	1.8098425	0.71
26.143711	24.687601	24900	1.6930412	0.71
25.08505	23.19922	25000	1.8829997	0.72
60.248024	25.289207	25100	1.845699	0.73
28.814585	25.755438	25200	1.7710168	0.72
52.93521	24.704218	25300	1.7327061	0.73
26.82875	25.487606	25400	1.8245567	0.71
45.33109	24.750107	25500	1.7341884	0.73
54.62047	27.62778	25600	1.7085861	0.73
29.841513	22.523216	25700	1.6425993	0.73
34.18354	24.825626	25800	1.8001964	0.73
42.554264	25.231194	25900	1.7195632	0.73
35.543625	26.085354	26000	1.7184814	0.73
30.950668	25.71656	26100	1.7330551	0.73
57.196194	24.453377	26200	1.8843447	0.73
48.36392	23.826662	26300	1.7530136	0.73
47.675816	25.678816	26400	1.7496967	0.73
35.50156	26.904821	26500	1.744426	0.73
60.6759	25.8725	26600	1.8324368	0.73
26.515308	24.375565	26700	1.7922096	0.73
70.08278	23.41432	26800	1.8147609	0.73
37.7639	25.118689	26900	1.8175018	0.73
94.78101	24.60439	27000	1.7259506	0.73
80.1443	25.648018	27100	1.735904	0.73
30.748936	25.390009	27200	1.6992763	0.73
31.464954	23.48378	27300	1.7613237	0.73
102.41543	26.737782	27400	1.7912986	0.73
19.03019	22.614786	27500	1.6908373	0.74
49.845573	24.429817	27600	1.8163815	0.73
58.126225	26.22836	27700	1.7459347	0.73
31.160324	25.372984	27800	1.6644461	0.73
68.71993	25.664694	27900	1.7545353	0.73
19.212263	24.311253	28000	1.6885312	0.73
23.221024	23.807446	28100	1.8098332	0.73
33.678635	25.430243	28200	1.7998769	0.74
30.76682	23.804785	28300	1.6835953	0.73
33.489418	22.959492	28400	1.7618405	0.73
59.6371	25.011353	28500	1.7802408	0.73
54.13655	23.362747	28600	1.7487036	0.73
40.838436	25.31815	28700	1.669754	0.73
38.692913	26.341663	28800	1.721323	0.73
80.38223	25.630877	28900	1.6978614	0.73
51.100616	25.43182	29000	1.651799	0.73
20.049799	23.626991	29100	1.6659676	0.73
22.67955	24.745792	29200	1.7778778	0.73
39.023724	23.688635	29300	1.7220714	0.73
43.603527	24.811178	29400	1.7039229	0.73
34.397663	24.644106	29500	1.7531143	0.73
30.773771	23.7247	29600	1.8963829	0.73
45.74545	23.975697	29700	1.7198544	0.73
47.401276	25.909084	29800	1.7385257	0.73
22.558971	23.479818	29900	1.7215965	0.73
