0.122176215	5.0935316	0	2.3031049	0.05
0.14031652	5.2761703	100	2.302307	0.1
0.11359963	5.6546354	200	2.3016675	0.17
0.13858236	6.4710093	300	2.3009276	0.23
0.09648088	7.4014163	400	2.2999408	0.29
0.15858601	8.661118	500	2.299305	0.29
0.15979353	10.066573	600	2.2989259	0.31
0.15466866	11.914289	700	2.2978654	0.33
0.08837005	14.002106	800	2.2984054	0.33
0.13063699	15.106468	900	2.2976031	0.34
0.21151143	17.796482	1000	2.2938795	0.36
0.21130127	20.121258	1100	2.2964833	0.35
0.14436467	21.847836	1200	2.2953577	0.36
0.2555065	24.810724	1300	2.2976425	0.35
0.24143651	23.475574	1400	2.2956424	0.36
0.12872036	25.43879	1500	2.293111	0.35
0.29675665	25.530943	1600	2.2923515	0.34
0.21117242	25.57351	1700	2.2935166	0.35
0.23264976	27.243399	1800	2.287857	0.36
0.18525173	28.914982	1900	2.2932453	0.35
0.31461883	29.144848	2000	2.2858217	0.36
0.24991354	28.18275	2100	2.2869782	0.36
0.18443534	29.323334	2200	2.2882638	0.35
0.23002778	28.718063	2300	2.2888844	0.36
0.4006822	28.764729	2400	2.2844498	0.36
0.3557574	28.417023	2500	2.284365	0.35
0.4997387	29.424953	2600	2.2865674	0.35
0.29939002	31.113766	2700	2.2848964	0.35
0.4437706	31.46675	2800	2.283685	0.35
0.3461583	32.14315	2900	2.2825737	0.36
0.3064994	32.98642	3000	2.2856288	0.36
0.633044	30.778511	3100	2.2743096	0.36
0.45224017	32.447403	3200	2.2727227	0.36
0.7823057	31.23477	3300	2.2666965	0.36
0.60931134	32.27581	3400	2.2817848	0.37
0.62109303	32.81806	3500	2.2636604	0.36
0.5422595	31.804846	3600	2.273245	0.37
0.967867	31.771317	3700	2.2650466	0.36
0.44497043	32.718834	3800	2.27595	0.37
0.8091291	30.726206	3900	2.264419	0.37
1.4782903	28.974442	4000	2.2526405	0.37
1.2872357	31.155771	4100	2.250955	0.37
1.3307568	30.272987	4200	2.2498593	0.36
1.5466328	32.1083	4300	2.2561479	0.36
1.3389671	29.562489	4400	2.2533143	0.36
1.3506505	30.547712	4500	2.2488506	0.36
2.1901567	29.735977	4600	2.2319195	0.36
1.7659651	28.36575	4700	2.2347784	0.36
1.626223	29.26543	4800	2.2326956	0.35
2.3441174	30.514698	4900	2.236906	0.36
8.1171055	28.72456	5000	2.1911588	0.36
9.58933	28.867332	5100	2.1680653	0.36
1.294002	27.625023	5200	2.2395558	0.36
3.1252093	27.061165	5300	2.227649	0.36
2.8320298	27.954163	5400	2.2545893	0.36
2.5544326	29.518642	5500	2.2218583	0.37
6.133278	26.382046	5600	2.1699882	0.37
2.7800786	26.713337	5700	2.2246885	0.36
5.6680846	27.843517	5800	2.211787	0.36
3.9899812	26.652529	5900	2.235476	0.36
9.2926445	28.070438	6000	2.1712308	0.36
6.4091864	26.695183	6100	2.2008147	0.36
4.628769	27.061367	6200	2.1816056	0.36
4.2755046	27.931	6300	2.1912556	0.37
7.349887	26.067799	6400	2.1635375	0.37
5.7391872	28.828205	6500	2.1764686	0.38
6.982193	26.547169	6600	2.1639647	0.38
5.425862	27.305473	6700	2.1997178	0.38
9.924649	25.979332	6800	2.1524045	0.38
4.252305	26.10676	6900	2.1881945	0.38
11.123323	26.379574	7000	2.1569743	0.38
6.6684775	27.560469	7100	2.1549275	0.38
8.685866	28.300814	7200	2.127747	0.38
4.5744376	27.257458	7300	2.244244	0.38
6.3884726	26.99131	7400	2.218053	0.39
8.17358	27.016434	7500	2.1294713	0.39
6.9959693	26.575928	7600	2.1107552	0.4
10.394285	27.404934	7700	2.0685415	0.41
8.550109	27.097378	7800	2.1378922	0.42
18.120777	26.836472	7900	2.0995793	0.43
9.624282	27.887825	8000	2.1042902	0.42
7.3338995	24.810757	8100	2.2186904	0.43
11.784119	27.311163	8200	2.1502328	0.44
13.2328615	27.987103	8300	2.1282315	0.44
9.335053	26.52195	8400	2.1092036	0.45
9.103772	27.886955	8500	2.147708	0.45
11.45145	25.936903	8600	2.126766	0.45
10.300335	26.52322	8700	2.0440094	0.45
10.204737	25.749332	8800	2.0565422	0.45
10.094014	26.922522	8900	2.1639104	0.45
19.605843	27.89037	9000	2.0494764	0.46
10.505058	26.907578	9100	2.0446599	0.47
9.32282	27.779284	9200	2.073771	0.47
17.97819	27.141422	9300	2.0148456	0.47
16.744686	27.006298	9400	2.0043201	0.49
14.610486	25.832537	9500	2.0007207	0.5
20.895662	26.52628	9600	2.012823	0.49
22.440924	25.872177	9700	1.9452728	0.49
15.659867	26.634888	9800	2.0079112	0.49
18.9349	25.31655	9900	2.1279702	0.5
18.366058	26.368568	10000	2.0409653	0.51
28.16242	26.081894	10100	2.013514	0.51
21.75277	25.366848	10200	2.059281	0.51
19.708555	26.603573	10300	2.027738	0.54
22.213552	25.38721	10400	2.0046427	0.55
33.538593	25.383379	10500	2.062284	0.55
21.698908	26.39977	10600	1.9773586	0.55
24.676487	27.008883	10700	2.0121896	0.55
22.474194	25.849041	10800	2.019451	0.55
21.59226	26.081997	10900	2.0120938	0.55
17.748035	25.039963	11000	2.0399003	0.55
14.413338	26.06596	11100	2.0221608	0.56
20.563677	26.490297	11200	1.8738556	0.56
17.116068	25.950867	11300	1.8567476	0.57
17.343885	25.25098	11400	2.087508	0.59
13.0265045	25.619041	11500	1.9174194	0.58
22.677748	25.826782	11600	2.0319479	0.56
11.581027	25.04589	11700	2.1034472	0.59
17.360504	26.56944	11800	1.9329418	0.59
14.741403	25.783348	11900	1.9486587	0.6
23.1363	24.055136	12000	2.007455	0.6
29.601208	24.482456	12100	2.0500488	0.6
33.49497	25.66321	12200	1.9448044	0.6
18.561571	24.55326	12300	1.9650828	0.6
19.749893	24.787495	12400	1.9194123	0.6
21.020369	26.453625	12500	1.922971	0.6
20.198395	26.555202	12600	1.9947151	0.6
13.551434	24.595276	12700	1.970146	0.6
32.191196	25.795483	12800	1.8959725	0.61
38.227406	26.271397	12900	1.9270489	0.6
26.05494	24.57823	13000	2.0147889	0.6
20.783865	26.85994	13100	1.8897564	0.6
19.535368	25.223938	13200	1.9077173	0.61
17.687326	26.940834	13300	1.8889401	0.62
23.105213	26.907967	13400	1.8778696	0.61
26.45827	25.605982	13500	2.0281837	0.62
27.288586	26.442297	13600	1.8508663	0.63
18.709806	26.138582	13700	1.967089	0.62
66.0897	26.620146	13800	1.9565414	0.63
14.055445	24.653809	13900	1.9316343	0.63
36.199184	26.07821	14000	1.786087	0.63
25.135193	24.142998	14100	1.9686306	0.63
24.187014	25.456013	14200	1.9410292	0.63
34.27452	25.858952	14300	1.8672512	0.62
15.116447	24.88992	14400	1.8074312	0.62
18.696638	25.228163	14500	1.8872106	0.62
22.983837	24.988773	14600	1.8939161	0.62
29.716864	25.29773	14700	1.8260319	0.62
32.86919	24.429209	14800	1.9581769	0.62
48.70036	25.104324	14900	1.9707153	0.62
25.25659	23.878181	15000	1.8934139	0.62
25.741402	25.7664	15100	1.86571	0.62
45.37391	24.165302	15200	1.9822518	0.62
54.382782	25.48166	15300	1.8909315	0.62
20.137901	23.9252	15400	1.9643104	0.62
23.790857	24.03785	15500	1.8315365	0.62
51.080505	25.62868	15600	1.9098976	0.62
28.055222	25.80032	15700	1.8933083	0.63
25.872967	24.167068	15800	1.8486742	0.63
55.73408	25.211544	15900	1.8450931	0.63
43.503036	25.316168	16000	1.8284156	0.62
13.337982	23.896122	16100	1.9834182	0.62
30.258501	25.19955	16200	1.8046596	0.63
29.590776	25.689535	16300	1.93022	0.63
36.018826	26.262089	16400	1.9421631	0.63
38.636486	24.976467	16500	1.876556	0.63
23.45373	23.840115	16600	1.9881331	0.63
21.01315	24.369764	16700	1.9153335	0.62
40.323627	24.561638	16800	1.9299695	0.62
18.610563	24.854874	16900	1.8997204	0.62
36.657795	24.47809	17000	1.9135065	0.62
18.691011	24.721031	17100	1.7653704	0.63
18.326078	25.161774	17200	1.8275379	0.63
36.779602	24.162003	17300	1.9082342	0.63
26.683477	24.542875	17400	1.9280478	0.63
18.706738	25.243225	17500	1.8832626	0.63
42.93867	25.858442	17600	1.9283679	0.63
16.422102	23.550346	17700	1.893796	0.63
17.671705	24.02885	17800	1.9124206	0.63
34.732662	25.566372	17900	1.8418353	0.63
19.73872	24.73637	18000	1.7953303	0.63
15.931632	23.807323	18100	1.9121767	0.63
27.514973	25.730412	18200	1.8889412	0.62
77.937546	25.560009	18300	1.8709118	0.63
25.502037	24.8135	18400	1.9143353	0.63
18.402363	23.910442	18500	1.8973997	0.63
18.051077	26.286583	18600	1.7967564	0.63
39.481113	23.888878	18700	1.9396696	0.63
14.956957	24.371328	18800	1.8285503	0.63
25.262524	23.892529	18900	1.8527367	0.63
26.97027	22.956749	19000	1.8924809	0.64
10.846159	25.016869	19100	1.8140389	0.64
18.975075	23.965183	19200	1.8854761	0.64
50.107147	26.967457	19300	1.800471	0.63
48.041565	25.17678	19400	1.7555374	0.64
22.148306	25.109116	19500	1.891374	0.64
11.036167	23.856506	19600	1.9424709	0.64
46.48394	25.708601	19700	1.7316952	0.64
21.759037	25.50695	19800	1.8328965	0.64
33.645733	23.755272	19900	1.8962605	0.64
43.02621	25.202862	20000	1.8397496	0.63
24.773405	23.95045	20100	1.9685806	0.64
13.834103	24.11628	20200	1.7773663	0.64
25.085348	23.91664	20300	1.8317366	0.64
35.82635	25.393217	20400	1.797615	0.64
22.124601	25.400478	20500	1.7872578	0.64
21.155287	25.239868	20600	1.8646243	0.64
20.931267	25.071617	20700	1.7517326	0.64
20.395765	23.786186	20800	1.7827927	0.64
17.173935	23.685774	20900	1.877005	0.64
29.17293	23.757984	21000	1.8999302	0.64
77.71251	24.338041	21100	1.8762677	0.64
21.937948	23.48451	21200	1.8720236	0.64
17.713863	23.528065	21300	1.9433663	0.64
30.330667	24.582897	21400	1.8846569	0.64
32.541492	23.903492	21500	1.7594898	0.63
35.189278	24.995068	21600	1.9452003	0.64
13.972619	25.605696	21700	1.7909021	0.64
21.052464	23.924118	21800	1.8590765	0.64
30.027384	25.153439	21900	1.8004583	0.64
15.010552	24.63394	22000	1.8689667	0.64
16.607647	23.253483	22100	1.7686266	0.64
74.10543	24.31425	22200	1.7896359	0.64
23.296537	23.846493	22300	1.7790396	0.64
42.583065	23.584743	22400	1.8947998	0.64
14.749898	23.770859	22500	1.8095901	0.64
25.312624	24.950695	22600	1.7850559	0.64
54.752922	23.940338	22700	1.8814404	0.64
15.878298	23.265623	22800	1.7799717	0.64
71.84279	23.905945	22900	1.7646542	0.64
12.446766	23.78183	23000	1.8452562	0.64
45.05865	24.136038	23100	1.9183369	0.64
28.763458	24.100132	23200	1.8261112	0.65
41.681637	24.660645	23300	1.8905323	0.64
50.924866	25.100704	23400	1.8220075	0.64
29.32397	24.16799	23500	1.9834735	0.64
49.05364	22.895664	23600	1.9445835	0.64
28.49541	24.821678	23700	1.7535591	0.64
24.893595	23.468819	23800	1.7830093	0.65
43.34537	23.81179	23900	1.8457544	0.65
40.59379	24.373178	24000	1.6878662	0.64
36.482094	25.913086	24100	1.8230555	0.64
44.674927	24.923763	24200	1.7968117	0.64
26.904219	24.822456	24300	1.7996002	0.65
44.311676	24.430195	24400	1.7693971	0.65
21.373705	22.992653	24500	1.8315418	0.65
17.340475	22.786655	24600	1.8252865	0.66
20.085964	22.086681	24700	1.8001397	0.66
28.333578	21.46223	24800	1.8435688	0.66
30.337324	23.228586	24900	1.7312504	0.67
25.053797	21.848396	25000	1.9198185	0.67
55.51399	23.348373	25100	1.8894899	0.67
29.064157	24.069502	25200	1.8034999	0.67
49.649113	23.023832	25300	1.76426	0.67
26.868614	23.860386	25400	1.8483489	0.68
33.345787	23.706669	25500	1.75037	0.67
42.23301	24.952919	25600	1.7262081	0.67
31.814775	21.148735	25700	1.6521728	0.68
29.728334	23.506138	25800	1.8092808	0.68
32.90498	23.58393	25900	1.7336912	0.69
24.823532	23.403568	26000	1.739798	0.69
38.51691	23.590017	26100	1.7557157	0.69
30.55661	22.97261	26200	1.9055414	0.7
52.6197	22.33699	26300	1.7627271	0.69
28.823122	23.993008	26400	1.7714827	0.69
32.166145	24.583271	26500	1.7767804	0.7
78.86771	24.096844	26600	1.8555549	0.7
21.940752	23.612783	26700	1.8050411	0.7
68.15465	22.207886	26800	1.8352531	0.7
39.078133	23.184767	26900	1.8491733	0.7
72.68021	23.147934	27000	1.7463987	0.71
61.30489	24.158741	27100	1.7595495	0.71
28.735676	22.97545	27200	1.7293141	0.71
71.35117	22.886673	27300	1.7905897	0.71
75.94054	24.872585	27400	1.8154072	0.71
14.08581	21.954165	27500	1.7105805	0.71
44.328766	22.36943	27600	1.8381084	0.71
57.989685	24.167929	27700	1.771686	0.71
23.42668	23.984165	27800	1.688879	0.72
74.079254	24.262154	27900	1.773371	0.71
25.441769	22.9469	28000	1.7055366	0.72
25.120628	22.725706	28100	1.8193442	0.71
21.137531	23.708652	28200	1.8081974	0.73
27.228985	22.641922	28300	1.6946865	0.73
30.167597	21.076988	28400	1.7728395	0.73
56.430805	23.030945	28500	1.8070242	0.72
44.470303	22.382132	28600	1.7651548	0.72
40.409134	24.117588	28700	1.6899494	0.73
31.98936	24.924877	28800	1.7420603	0.72
71.43431	24.705841	28900	1.7206844	0.73
42.18823	24.1535	29000	1.6716282	0.73
25.466478	22.329857	29100	1.6824656	0.73
15.369447	23.088913	29200	1.7925873	0.73
42.11984	23.08959	29300	1.7372109	0.73
30.527569	23.31245	29400	1.7164042	0.73
22.713123	23.273998	29500	1.7659569	0.73
22.979462	21.981857	29600	1.9072864	0.73
44.41166	22.807869	29700	1.7346903	0.74
45.254047	21.295134	29800	1.7484869	0.73
25.781336	22.6988	29900	1.7314866	0.73
