0.13341838	5.0756016	0	2.3023002	0.11
0.16744964	5.1903124	100	2.3022695	0.17
0.13471723	5.5957556	200	2.3011918	0.22
0.28565237	6.3445935	300	2.297681	0.25
0.2665578	7.119027	400	2.2963176	0.25
0.28477585	8.03987	500	2.295699	0.24
0.23915714	8.837354	600	2.2955372	0.23
0.30373383	9.932725	700	2.29316	0.25
0.33589396	10.469114	800	2.2909799	0.28
0.5240739	10.631519	900	2.2881095	0.27
0.50243086	11.113062	1000	2.28657	0.27
0.73955894	10.952532	1100	2.2809272	0.28
0.915357	10.71139	1200	2.2788055	0.29
0.7094369	11.129908	1300	2.2925699	0.27
1.5079906	10.899597	1400	2.2768676	0.27
0.86169016	10.949697	1500	2.2713313	0.27
1.633213	11.131634	1600	2.2694943	0.27
1.6014923	10.753163	1700	2.263681	0.27
1.6537567	11.108534	1800	2.2555368	0.28
1.4689418	11.011019	1900	2.259457	0.28
2.5875602	11.485855	2000	2.243436	0.3
6.9383173	10.857513	2100	2.1974022	0.3
2.110198	11.910474	2200	2.2590156	0.29
4.694774	11.575109	2300	2.2230763	0.3
9.412608	11.363831	2400	2.1834347	0.32
8.350213	11.604366	2500	2.1930804	0.32
6.746116	11.260069	2600	2.1999974	0.32
6.935068	11.92448	2700	2.1774483	0.32
8.455435	11.768543	2800	2.1783414	0.32
4.0325804	12.440641	2900	2.2161143	0.32
4.3237696	12.529425	3000	2.2149446	0.32
14.76938	12.28406	3100	2.1123774	0.33
7.4397163	12.679447	3200	2.153422	0.33
10.462588	12.257299	3300	2.143915	0.34
7.1997023	12.842207	3400	2.1696162	0.36
5.4087343	12.785559	3500	2.1857934	0.36
10.218879	13.028122	3600	2.1543164	0.37
6.721554	13.1307955	3700	2.1613164	0.37
10.946214	13.904077	3800	2.1714332	0.4
11.972673	13.251118	3900	2.090179	0.42
23.124521	13.91015	4000	2.0449662	0.41
13.626475	14.682497	4100	2.1204257	0.43
9.155998	14.16493	4200	2.1121733	0.46
16.049181	15.016478	4300	2.0536628	0.46
27.05679	14.576612	4400	2.1121871	0.48
19.956905	14.669588	4500	2.0374832	0.48
17.909975	14.605944	4600	2.028166	0.48
16.045252	14.586811	4700	2.0757964	0.51
17.695318	15.552343	4800	2.030522	0.53
21.701315	15.506891	4900	2.0954719	0.54
20.636122	15.205055	5000	1.986912	0.54
33.85802	16.605234	5100	2.0125444	0.54
17.634178	15.952362	5200	2.017648	0.53
29.69967	16.526627	5300	2.009962	0.54
36.622852	16.584179	5400	2.0127904	0.56
25.327078	17.716026	5500	2.0181355	0.56
28.607935	16.625153	5600	1.9014809	0.56
28.503168	16.012484	5700	1.9894994	0.58
62.20243	17.354465	5800	1.8816702	0.6
27.883955	inf	5900	1.9069719	0.6
47.614895	17.954903	6000	1.9074428	0.6
35.191246	17.374897	6100	1.9422922	0.61
34.155346	17.523018	6200	1.9407787	0.62
26.26471	17.630344	6300	1.9162413	0.63
38.34655	17.641626	6400	1.8965366	0.62
27.105347	17.579222	6500	1.9647062	0.63
28.37621	16.97284	6600	1.8458923	0.63
40.29907	18.71247	6700	1.916262	0.63
34.904263	inf	6800	1.870363	0.63
37.97398	inf	6900	1.9444269	0.64
53.402256	18.72426	7000	1.8444217	0.64
30.84093	18.111446	7100	1.8180978	0.64
37.86154	18.517239	7200	1.9276044	0.65
60.223675	18.46734	7300	1.8334202	0.65
74.24322	17.14293	7400	1.8977817	0.64
31.608639	17.224277	7500	1.8706154	0.64
39.00443	17.123325	7600	1.8438088	0.63
47.83812	18.390549	7700	1.7296826	0.64
25.182575	17.00822	7800	1.7686617	0.63
24.748144	16.53247	7900	1.761027	0.64
51.55022	19.093689	8000	1.7787523	0.64
31.435867	16.642387	8100	1.9724381	0.64
66.23711	19.122484	8200	1.8630865	0.64
35.893623	17.487701	8300	1.7825935	0.64
34.840355	17.931818	8400	1.7733456	0.64
27.197659	17.77392	8500	1.8856981	0.64
39.204952	16.963211	8600	1.8385712	0.64
83.99297	17.711735	8700	1.7184689	0.64
35.77837	18.139973	8800	1.8128545	0.64
27.770245	18.097694	8900	1.7492998	0.64
22.180758	16.84562	9000	1.7285526	0.64
61.537464	17.689083	9100	1.7476561	0.64
40.321323	inf	9200	1.7864965	0.64
68.11476	19.41946	9300	1.6984584	0.64
38.400032	17.352852	9400	1.783008	0.64
50.911713	18.415453	9500	1.6870773	0.64
49.196545	18.036205	9600	1.7568347	0.64
52.48515	18.006565	9700	1.7683083	0.64
32.62422	17.740873	9800	1.7827082	0.64
90.841064	17.423214	9900	1.8026339	0.64
47.321148	18.614397	10000	1.7614866	0.64
26.046055	16.937414	10100	1.7231241	0.64
57.83363	18.007397	10200	1.8180271	0.64
73.99386	18.807854	10300	1.695125	0.65
35.283176	inf	10400	1.6383911	0.65
85.78858	18.372738	10500	1.7864692	0.65
60.19057	18.84217	10600	1.727223	0.66
39.08653	18.2822	10700	1.6640908	0.65
36.62779	17.813318	10800	1.7838223	0.66
29.848623	17.912296	10900	1.8463831	0.66
19.39594	17.842548	11000	1.7272046	0.66
71.49611	19.11479	11100	1.7199405	0.66
65.32241	18.973951	11200	1.6845045	0.66
21.695972	17.544586	11300	1.6688324	0.66
33.674854	16.123644	11400	1.7996489	0.66
25.217548	17.044022	11500	1.6103077	0.65
77.29161	18.196177	11600	1.7658924	0.65
45.775517	18.186	11700	1.8680763	0.65
125.86049	19.906124	11800	1.657191	0.65
50.004406	18.575994	11900	1.706488	0.65
67.21152	inf	12000	1.7368904	0.65
65.719765	18.671288	12100	1.7950852	0.65
61.14061	17.337124	12200	1.7266839	0.65
36.45898	16.382622	12300	1.6642303	0.65
26.564098	17.560827	12400	1.6894293	0.65
46.49621	18.56286	12500	1.7047637	0.65
70.85083	19.216824	12600	1.7408121	0.65
47.71725	17.262878	12700	1.7300059	0.65
44.213028	17.766075	12800	1.6062008	0.65
44.38856	17.460205	12900	1.6946951	0.65
87.23687	16.678213	13000	1.6744492	0.65
49.119656	inf	13100	1.6291298	0.65
21.125528	17.4319	13200	1.6921959	0.65
75.667694	19.884151	13300	1.6374986	0.65
48.31113	17.892124	13400	1.5687413	0.66
39.427696	18.22588	13500	1.7347119	0.67
26.887495	17.289495	13600	1.5708656	0.66
52.576073	19.026083	13700	1.8058084	0.67
109.53425	18.221607	13800	1.7089552	0.66
43.429806	17.29151	13900	1.6750351	0.66
51.010685	17.862621	14000	1.5683259	0.67
53.268303	17.426916	14100	1.6851879	0.67
32.587097	18.192444	14200	1.7458156	0.67
48.001118	18.378605	14300	1.6664302	0.69
40.912056	17.167973	14400	1.5828412	0.69
47.00036	17.357332	14500	1.572816	0.68
27.0981	16.93829	14600	1.6180807	0.69
29.245754	16.61832	14700	1.6082017	0.69
43.36614	16.699663	14800	1.5969956	0.69
31.329641	17.613369	14900	1.6943926	0.69
30.237898	16.175835	15000	1.59749	0.69
44.106533	18.143908	15100	1.6105801	0.69
102.05066	18.72221	15200	1.6956024	0.69
50.57213	18.766396	15300	1.5785172	0.69
18.582693	16.549047	15400	1.6578209	0.69
28.74348	17.04469	15500	1.6539271	0.69
40.864338	17.910732	15600	1.6860447	0.69
84.806465	18.821148	15700	1.6372604	0.69
50.801743	17.317764	15800	1.5999495	0.69
56.858284	16.746202	15900	1.60066	0.69
98.6109	17.606169	16000	1.6018858	0.69
42.817715	16.835737	16100	1.6691278	0.68
62.39041	15.748155	16200	1.6231747	0.69
43.94836	18.219658	16300	1.759557	0.69
40.65528	17.205198	16400	1.6625345	0.7
58.181156	17.897596	16500	1.6787573	0.69
35.023376	17.499666	16600	1.7545143	0.7
45.539528	17.08828	16700	1.6263292	0.7
74.81186	18.191477	16800	1.5606833	0.69
39.380447	inf	16900	1.6135896	0.7
80.34991	17.904163	17000	1.6439934	0.7
49.797855	17.117699	17100	1.6275837	0.69
46.373276	18.55876	17200	1.6176965	0.7
31.799496	15.9079895	17300	1.6146381	0.71
48.7541	15.591443	17400	1.6323853	0.69
64.37789	18.10707	17500	1.6938324	0.7
79.43311	17.78884	17600	1.696254	0.7
24.510128	15.87097	17700	1.6545455	0.7
31.590265	16.582031	17800	1.6541693	0.7
101.60385	19.711658	17900	1.6442938	0.7
14.757754	17.030579	18000	1.5436933	0.7
44.286873	16.308939	18100	1.6133564	0.69
33.52258	17.619167	18200	1.5689462	0.71
160.07246	18.263653	18300	1.6792151	0.71
84.5048	17.725002	18400	1.6433214	0.71
59.99989	17.728415	18500	1.6548815	0.69
84.4747	17.252747	18600	1.5565339	0.71
91.16455	17.90755	18700	1.7236112	0.71
18.274113	16.49972	18800	1.6148294	0.69
46.401997	16.06243	18900	1.6180565	0.7
35.959614	16.74334	19000	1.5949216	0.7
34.566914	17.431572	19100	1.6393039	0.69
70.07947	16.754887	19200	1.5917032	0.7
100.90269	20.699192	19300	1.6456617	0.69
62.388706	18.68401	19400	1.576031	0.71
53.875847	18.394138	19500	1.6563933	0.71
22.121445	16.681108	19600	1.6234299	0.69
103.27057	18.581375	19700	1.6288264	0.7
28.038332	17.130169	19800	1.6466191	0.7
21.922081	16.180477	19900	1.7195904	0.7
62.35025	16.799076	20000	1.6492698	0.69
79.81113	17.961658	20100	1.8314835	0.69
32.66381	16.976875	20200	1.6316487	0.7
48.29925	16.718742	20300	1.6949486	0.69
39.024586	17.186142	20400	1.6121544	0.7
24.373562	17.606403	20500	1.6222565	0.71
80.19326	17.704208	20600	1.6207775	0.7
62.02215	16.340488	20700	1.5746368	0.72
44.73875	17.46793	20800	1.6545126	0.7
56.54284	16.315561	20900	1.6866299	0.72
69.30869	18.112293	21000	1.6482875	0.71
29.355223	17.691725	21100	1.5646137	0.71
63.833553	17.389362	21200	1.6231651	0.71
40.27803	16.784983	21300	1.6654332	0.71
49.12873	18.130003	21400	1.6144638	0.7
34.85488	17.058277	21500	1.5747815	0.7
45.189304	16.81566	21600	1.6853176	0.7
31.995747	18.590593	21700	1.6184275	0.7
38.198414	15.726431	21800	1.6490618	0.71
59.854134	18.657553	21900	1.6312071	0.71
25.089136	17.088596	22000	1.6143233	0.71
14.831744	15.41543	22100	1.5924387	0.71
69.46752	17.136477	22200	1.5893829	0.71
67.646126	17.261269	22300	1.5829761	0.71
68.11116	16.215166	22400	1.62164	0.71
58.309452	18.13881	22500	1.6292518	0.71
36.09974	15.510025	22600	1.571127	0.72
49.988403	17.10547	22700	1.6707506	0.71
47.427906	16.23288	22800	1.6487154	0.72
120.20993	17.80054	22900	1.6187385	0.72
94.31668	17.466908	23000	1.6674187	0.72
41.856804	15.91304	23100	1.6243789	0.73
40.350132	15.010277	23200	1.6734574	0.72
21.957897	17.756247	23300	1.6146532	0.72
25.614006	16.70726	23400	1.6246536	0.72
57.61906	17.759012	23500	1.6887861	0.72
121.1924	15.788507	23600	1.6533813	0.71
53.149963	16.451057	23700	1.6114343	0.71
50.85494	16.462467	23800	1.6500607	0.71
46.94154	15.709362	23900	1.6195091	0.71
32.763187	17.132896	24000	1.5084763	0.71
39.664547	18.107643	24100	1.5722849	0.72
33.60219	17.326126	24200	1.5725536	0.72
69.3365	16.398188	24300	1.629679	0.71
39.339367	17.684124	24400	1.6481518	0.71
28.767189	16.038588	24500	1.5764631	0.71
6.6737547	15.774782	24600	1.5456061	0.71
44.99475	16.005821	24700	1.6402848	0.71
57.773746	14.594208	24800	1.605162	0.71
62.833168	17.053055	24900	1.6215744	0.71
47.588844	17.320084	25000	1.5952327	0.71
55.012657	17.291685	25100	1.6267866	0.71
49.866924	18.056707	25200	1.6553543	0.72
38.887554	15.836243	25300	1.5333282	0.71
35.542725	16.970695	25400	1.6327871	0.72
11.239515	16.933231	25500	1.640527	0.72
43.47679	17.998447	25600	1.620314	0.71
58.172195	15.268255	25700	1.5531213	0.71
47.04971	16.129253	25800	1.6317492	0.72
75.7269	18.222471	25900	1.5806354	0.71
47.19428	17.23426	26000	1.5654916	0.72
68.62742	16.710789	26100	1.5898473	0.71
12.384822	17.50787	26200	1.6537838	0.71
59.11328	14.975023	26300	1.6310074	0.71
43.604862	17.963913	26400	1.6774889	0.71
55.618538	18.329721	26500	1.5950335	0.72
14.814334	17.703247	26600	1.5740175	0.72
27.159197	16.349113	26700	1.6864551	0.71
70.06587	16.23683	26800	1.6279386	0.71
28.349945	14.975475	26900	1.6932781	0.71
21.529163	15.587227	27000	1.5938519	0.72
29.77311	16.298038	27100	1.5541595	0.71
22.726236	15.722347	27200	1.5462707	0.72
14.926581	15.040018	27300	1.6644652	0.72
93.54785	17.5811	27400	1.5734993	0.72
26.579485	15.008961	27500	1.5493057	0.72
19.164225	16.995995	27600	1.6754534	0.72
12.98908	16.486807	27700	1.5434818	0.73
8.729033	16.574127	27800	1.5210621	0.72
63.569103	17.362507	27900	1.6257308	0.74
14.787333	16.552753	28000	1.5465672	0.73
28.970829	15.4640465	28100	1.5575573	0.72
23.208723	16.583939	28200	1.5648849	0.71
18.204176	16.394806	28300	1.5686865	0.72
39.791656	15.264996	28400	1.6185862	0.71
39.990356	17.071484	28500	1.5712192	0.72
23.395184	16.338993	28600	1.6431032	0.73
38.472603	15.564094	28700	1.5270392	0.72
26.166162	17.189957	28800	1.5927727	0.73
58.730072	16.624937	28900	1.5957019	0.72
15.045071	15.464819	29000	1.5998528	0.73
11.435597	15.291004	29100	1.5448105	0.73
15.759804	16.850876	29200	1.557424	0.72
28.101698	15.557526	29300	1.6218197	0.72
38.128765	16.26164	29400	1.5746484	0.73
26.670193	15.520665	29500	1.5972645	0.72
11.554577	15.459607	29600	1.6670586	0.71
33.190678	14.023151	29700	1.6153514	0.72
74.93435	16.681553	29800	1.5295414	0.73
20.519104	15.266942	29900	1.5767885	0.74
