0.076548845	5.0935316	0	2.3031049	0.05
0.113948666	5.2761884	100	2.3025928	0.07
0.073744975	5.654891	200	2.3020687	0.1
0.086611696	6.470912	300	2.3016427	0.15
0.081802696	7.3997746	400	2.3008752	0.17
0.07920695	8.657759	500	2.3006463	0.23
0.078285515	10.060278	600	2.3004107	0.27
0.07747375	11.899775	700	2.2998767	0.28
0.036304515	13.965288	800	2.3001704	0.3
0.050995585	15.048003	900	2.2998588	0.32
0.11773627	17.690191	1000	2.2974868	0.33
0.08160429	19.903004	1100	2.2990575	0.34
0.06533466	21.507221	1200	2.2984405	0.34
0.12808186	24.47981	1300	2.2997546	0.35
0.10199719	23.205717	1400	2.2989624	0.35
0.048327193	25.283115	1500	2.2972422	0.35
0.15683939	25.42439	1600	2.2971485	0.35
0.10516052	25.25448	1700	2.298048	0.37
0.08577409	26.961327	1800	2.2950578	0.37
0.086255595	28.649605	1900	2.297733	0.38
0.11119625	29.416077	2000	2.2935517	0.38
0.12057713	28.834599	2100	2.2947092	0.37
0.082594395	30.550083	2200	2.2956765	0.38
0.11016922	28.970005	2300	2.2953944	0.38
0.10504764	29.067654	2400	2.2935693	0.38
0.08061568	29.290707	2500	2.2941043	0.38
0.14924748	30.274925	2600	2.2942538	0.38
0.08480692	31.722385	2700	2.293501	0.38
0.10361405	32.287018	2800	2.293715	0.38
0.10001368	33.374954	2900	2.292417	0.38
0.06196174	34.0366	3000	2.2941856	0.38
0.14220217	32.663567	3100	2.2892063	0.38
0.07150352	33.844254	3200	2.2894366	0.38
0.1499436	33.460915	3300	2.2874942	0.38
0.20521936	34.73709	3400	2.2934537	0.38
0.13985175	36.114235	3500	2.2852514	0.38
0.12065559	34.50263	3600	2.2901578	0.38
0.18658066	35.150475	3700	2.2866242	0.38
0.104972824	36.016197	3800	2.2914302	0.38
0.1419405	33.822014	3900	2.2871952	0.38
0.23144369	32.06146	4000	2.2824903	0.38
0.17759539	34.396538	4100	2.282987	0.39
0.15850022	33.043888	4200	2.2825007	0.38
0.17894006	35.69593	4300	2.283549	0.38
0.23738888	32.819977	4400	2.2829318	0.37
0.16456667	33.309902	4500	2.2832935	0.37
0.22377956	31.563923	4600	2.2778468	0.37
0.17569748	29.928156	4700	2.2802916	0.37
0.18339847	32.165234	4800	2.2776334	0.37
0.2527279	32.83925	4900	2.2816806	0.37
0.45846602	31.63547	5000	2.2700005	0.37
0.7043385	30.794033	5100	2.264996	0.38
0.20789462	30.361546	5200	2.2809036	0.38
0.2719594	29.743885	5300	2.2765722	0.38
0.57303786	30.827538	5400	2.284058	0.38
0.22748084	32.13006	5500	2.2754714	0.38
0.8421194	28.32323	5600	2.2630126	0.38
0.23114122	28.509274	5700	2.2778313	0.38
0.5364548	29.775633	5800	2.2700112	0.38
0.4958329	29.51965	5900	2.2789044	0.38
0.87061656	28.9822	6000	2.266426	0.38
0.49962434	27.773891	6100	2.2707	0.38
0.38819557	28.290894	6200	2.265286	0.38
0.3925062	29.255867	6300	2.2653973	0.38
0.8479024	26.217222	6400	2.255074	0.38
0.55474895	27.931759	6500	2.2658389	0.38
0.59172195	27.533508	6600	2.2598324	0.38
0.9305487	28.460411	6700	2.270438	0.38
0.8310222	26.43406	6800	2.2568524	0.38
0.669263	26.789455	6900	2.2660894	0.38
1.5601687	25.887463	7000	2.250121	0.38
0.89542884	27.037851	7100	2.255511	0.38
0.8929734	27.165451	7200	2.2473733	0.38
0.6932498	27.419127	7300	2.2776685	0.38
0.46586022	26.31771	7400	2.2705662	0.38
1.0595331	26.671577	7500	2.2435856	0.38
1.2049059	25.388556	7600	2.2353332	0.38
1.756491	25.653044	7700	2.2221923	0.38
1.1000028	25.410591	7800	2.2383943	0.38
2.7256467	24.543266	7900	2.2355838	0.38
1.9233493	25.588081	8000	2.2300677	0.38
1.2638052	24.086876	8100	2.268779	0.38
1.3628055	24.873892	8200	2.2544992	0.38
1.400642	25.110058	8300	2.247712	0.38
1.6362226	24.775053	8400	2.2253194	0.38
1.0064739	25.511898	8500	2.2511861	0.38
2.1623044	24.266394	8600	2.2280698	0.38
2.6135764	25.347923	8700	2.196056	0.38
2.3937612	24.395208	8800	2.2063992	0.38
1.1623445	24.655313	8900	2.2543428	0.38
2.8802848	25.882565	9000	2.217134	0.38
3.142539	24.798512	9100	2.2024415	0.38
2.0447164	25.540028	9200	2.2059658	0.38
3.5392118	25.5742	9300	2.1937861	0.38
3.6889057	25.054203	9400	2.1900227	0.38
4.2247815	24.913408	9500	2.1912282	0.38
2.8475268	24.687576	9600	2.1906993	0.38
6.8012295	24.415787	9700	2.1592972	0.38
3.6708806	24.343243	9800	2.1945648	0.38
3.1033185	23.083107	9900	2.2148693	0.38
2.620225	24.326921	10000	2.2148058	0.38
5.4446144	23.935577	10100	2.1562562	0.38
6.073443	23.587631	10200	2.1841712	0.38
4.0644007	25.104351	10300	2.1770632	0.38
4.5692487	23.19639	10400	2.1545615	0.38
5.295891	23.665861	10500	2.18115	0.38
5.691825	24.335382	10600	2.152861	0.38
3.097194	24.361168	10700	2.1863887	0.38
6.465231	24.392002	10800	2.1659076	0.38
7.8661017	24.333067	10900	2.1747355	0.39
4.7857504	23.847942	11000	2.1710505	0.39
3.6734927	23.714792	11100	2.176757	0.39
8.3096285	24.097145	11200	2.0933	0.39
6.8045907	24.543192	11300	2.117995	0.39
4.323226	23.009178	11400	2.190673	0.39
4.8927283	23.921339	11500	2.1256888	0.39
8.303901	23.918522	11600	2.1684508	0.39
3.1641285	23.394062	11700	2.206214	0.39
9.947618	24.983875	11800	2.137059	0.39
3.7447066	23.62569	11900	2.126617	0.39
5.8209667	23.37873	12000	2.1502652	0.39
4.256497	23.059464	12100	2.160836	0.38
6.385141	24.212269	12200	2.0821214	0.39
3.716677	23.591564	12300	2.12323	0.38
8.310309	23.243507	12400	2.0813158	0.39
11.107057	24.94759	12500	2.1268017	0.39
3.8207815	24.502821	12600	2.1627264	0.4
5.4559526	22.623003	12700	2.0942888	0.4
9.200159	23.755512	12800	2.064242	0.4
8.7086115	23.755245	12900	2.075443	0.4
7.8495674	23.006824	13000	2.1270156	0.4
8.129417	24.563528	13100	2.071132	0.4
5.8268404	23.725075	13200	2.0924797	0.43
5.163132	24.091892	13300	2.1160748	0.43
6.5094085	24.420712	13400	2.1051881	0.44
2.6352837	23.381462	13500	2.1645951	0.45
9.09712	24.849483	13600	2.0349262	0.45
7.0645676	23.395905	13700	2.1312811	0.46
11.9025755	23.673407	13800	2.1216419	0.47
9.841138	23.358114	13900	2.089676	0.47
11.58527	24.036617	14000	1.9829445	0.47
5.5810866	22.78239	14100	2.1113281	0.47
9.639744	23.59994	14200	2.0488365	0.47
8.739029	24.21085	14300	2.040549	0.49
9.703443	23.41166	14400	2.0108497	0.49
5.3704243	23.867702	14500	2.0790112	0.5
7.632016	23.366335	14600	2.0398338	0.5
17.996323	24.296474	14700	2.0320692	0.51
12.137234	23.854479	14800	2.0765257	0.5
16.207893	23.878456	14900	2.110987	0.5
6.816146	22.329834	15000	2.041782	0.5
9.279576	24.222586	15100	2.0304081	0.5
17.343044	22.62681	15200	2.1230607	0.49
6.712315	23.380598	15300	2.1148992	0.49
5.0599346	22.730068	15400	2.0702858	0.49
25.959698	22.48961	15500	1.9863513	0.49
13.811977	23.953083	15600	2.0616748	0.5
7.264867	23.547386	15700	2.039174	0.5
10.130467	22.032253	15800	2.0150685	0.5
6.6429334	22.692596	15900	2.0425396	0.5
9.338217	23.58081	16000	2.0086603	0.5
6.921874	22.521994	16100	2.115206	0.51
14.893921	22.271772	16200	2.0335717	0.52
14.4868555	23.20749	16300	2.1092594	0.54
11.625628	23.840105	16400	2.0840344	0.54
24.269552	22.91598	16500	2.0234566	0.53
9.228487	22.289476	16600	2.1010015	0.55
9.5979185	23.334282	16700	2.0141168	0.55
17.537638	23.193123	16800	2.006551	0.55
5.379073	23.047667	16900	2.0068014	0.55
14.971465	22.81264	17000	2.0765004	0.55
13.089668	22.736319	17100	1.9189568	0.55
10.903293	24.078669	17200	1.9983606	0.55
14.26718	22.663256	17300	2.0198472	0.55
9.819578	22.364447	17400	2.0568504	0.55
12.85273	22.76064	17500	2.0470953	0.55
20.082165	22.910147	17600	2.0336993	0.55
15.158895	22.424839	17700	1.9969718	0.56
14.414053	23.003235	17800	2.0618892	0.56
8.792771	23.105923	17900	1.9763358	0.56
12.0467615	22.761288	18000	1.9580925	0.56
21.917088	22.924622	18100	2.0154305	0.56
9.795947	23.39885	18200	1.9977798	0.56
17.281727	24.009575	18300	2.032053	0.56
21.139608	23.161572	18400	2.0487542	0.55
18.0194	23.49316	18500	2.009669	0.58
10.435685	24.087982	18600	1.9417232	0.58
19.103077	22.146202	18700	2.0543315	0.57
20.837492	23.864168	18800	1.9596237	0.58
16.049244	22.515694	18900	1.9270986	0.59
23.717274	22.075094	19000	1.9740674	0.59
6.6860156	23.327991	19100	1.9293114	0.59
11.445892	23.423103	19200	1.966114	0.58
23.817127	24.542366	19300	1.9501703	0.58
21.348898	23.397797	19400	1.9212825	0.58
16.17253	23.224415	19500	1.9568144	0.58
15.113002	23.375061	19600	2.0113232	0.58
29.945066	24.329395	19700	1.8616825	0.58
24.732052	23.95483	19800	1.9459034	0.58
18.984842	23.317707	19900	1.9807987	0.59
31.541145	23.22079	20000	1.9622605	0.59
11.3147335	22.619244	20100	2.0396075	0.59
10.955808	22.723251	20200	1.8791037	0.59
14.830756	23.105854	20300	1.9365911	0.59
25.037361	23.667671	20400	1.9130017	0.6
9.703931	24.56386	20500	1.887495	0.6
18.035362	23.913723	20600	1.9495701	0.61
9.909789	23.719412	20700	1.8861198	0.61
14.8359995	22.352509	20800	1.8833565	0.6
19.101177	23.454529	20900	1.9541836	0.6
28.330008	23.523039	21000	1.9806566	0.6
30.287037	23.483978	21100	1.9735851	0.6
11.515408	22.427162	21200	1.9297558	0.6
17.421766	22.637278	21300	1.9969105	0.6
20.514519	23.92669	21400	1.9440695	0.61
25.96266	23.332243	21500	1.8510964	0.61
28.198048	23.419193	21600	1.9770924	0.61
17.610117	24.760029	21700	1.8816284	0.62
28.260008	22.994602	21800	1.8903704	0.62
38.159683	24.136105	21900	1.8984867	0.62
15.639369	23.031368	22000	1.9482243	0.62
18.902819	23.267857	22100	1.8653008	0.63
44.42285	22.475483	22200	1.8763901	0.62
38.56327	22.703875	22300	1.8471038	0.63
61.8117	22.504475	22400	1.9120632	0.63
25.05002	22.245338	22500	1.8717632	0.64
38.150734	23.549633	22600	1.8725684	0.64
40.625706	22.700594	22700	1.9454874	0.64
17.885305	22.52514	22800	1.8343153	0.64
19.88713	22.38433	22900	1.8363825	0.64
14.741702	22.684242	23000	1.8866997	0.64
41.56968	22.474112	23100	1.9433002	0.64
23.473312	22.376423	23200	1.8940504	0.64
33.324757	23.451487	23300	1.9551233	0.64
35.32252	23.747799	23400	1.9129131	0.64
47.088875	23.201445	23500	2.0118203	0.64
27.007277	22.258366	23600	1.9595325	0.64
13.200723	24.279686	23700	1.8274982	0.65
19.978947	23.191105	23800	1.8259532	0.65
38.44752	22.809301	23900	1.9071544	0.65
60.60721	23.939556	24000	1.7795002	0.65
25.747915	23.497164	24100	1.9281696	0.65
26.371044	23.533432	24200	1.874535	0.65
34.39648	24.026134	24300	1.8555464	0.66
39.4272	23.252838	24400	1.8317986	0.66
28.058315	22.828873	24500	1.8680775	0.66
19.61002	23.411	24600	1.8721199	0.66
17.333607	21.744005	24700	1.843951	0.66
27.706177	21.669502	24800	1.8826697	0.66
33.232956	23.052008	24900	1.7995253	0.66
24.301537	22.103844	25000	1.9135666	0.66
20.524193	23.70863	25100	1.9323971	0.66
21.55324	23.421318	25200	1.863024	0.66
40.33362	23.09176	25300	1.8376935	0.66
28.356913	23.380775	25400	1.8913679	0.66
11.763946	23.08637	25500	1.8235071	0.66
46.118923	24.026388	25600	1.8290541	0.66
22.07002	20.793919	25700	1.7061332	0.66
38.627327	23.798346	25800	1.8467728	0.66
50.031002	22.790573	25900	1.8191105	0.66
18.369871	22.879177	26000	1.833461	0.66
31.272068	23.258612	26100	1.8331089	0.67
42.400978	23.097954	26200	1.9124897	0.68
31.583714	22.027992	26300	1.8155785	0.67
13.19774	23.055275	26400	1.8437325	0.68
28.718428	24.187561	26500	1.8219668	0.68
29.666441	22.753416	26600	1.866308	0.68
22.22469	22.539856	26700	1.8412336	0.68
47.217415	22.406298	26800	1.8288084	0.69
26.549322	23.005306	26900	1.8956856	0.69
55.6342	22.65464	27000	1.7831352	0.69
55.50515	23.141066	27100	1.7712021	0.69
32.037884	23.670322	27200	1.7502578	0.69
41.11127	22.240673	27300	1.8171833	0.69
52.092075	23.635523	27400	1.8263693	0.69
26.335514	21.446743	27500	1.7228864	0.7
34.96639	21.667503	27600	1.8714736	0.7
43.090267	23.659004	27700	1.839319	0.7
26.451979	23.193777	27800	1.7298584	0.69
53.590973	23.459242	27900	1.7671251	0.69
23.456224	22.73674	28000	1.7199318	0.69
56.07656	22.660965	28100	1.7453516	0.69
53.862995	24.094975	28200	1.7558305	0.69
28.241539	22.187943	28300	1.6980435	0.69
50.093864	22.116983	28400	1.7437193	0.69
35.03755	22.454567	28500	1.7916596	0.7
65.37521	22.145638	28600	1.7950834	0.7
54.998596	22.680077	28700	1.7142322	0.7
40.74544	24.155483	28800	1.8068607	0.71
44.45705	23.868967	28900	1.7905099	0.71
24.81528	23.350937	29000	1.739661	0.71
19.453766	22.903305	29100	1.6632538	0.7
18.350239	22.197742	29200	1.7490721	0.7
51.4811	22.255909	29300	1.7032793	0.7
19.54994	23.215317	29400	1.7448483	0.7
31.229538	22.93122	29500	1.760525	0.71
48.448673	22.516912	29600	1.8020461	0.71
41.82221	22.295853	29700	1.7362858	0.72
39.383644	22.656166	29800	1.7427261	0.72
26.937607	22.306143	29900	1.7307568	0.71
