0.11082879	5.093531	0	2.3031049	0.05
0.16007617	5.2761936	100	2.3022816	0.11
0.12311375	5.6545467	200	2.3016608	0.17
0.16379783	6.4709606	300	2.300838	0.26
0.13425618	7.4008865	400	2.2998352	0.3
0.1683667	8.661326	500	2.299156	0.3
0.17739582	10.0679	600	2.29881	0.33
0.15714765	11.9186735	700	2.2977033	0.33
0.092354566	14.012354	800	2.298184	0.33
0.1326077	15.12477	900	2.297367	0.34
0.29551712	17.816051	1000	2.2934456	0.34
0.22571994	20.179193	1100	2.296116	0.35
0.16559008	21.92894	1200	2.2948897	0.36
0.33417806	24.854378	1300	2.2971501	0.36
0.30731395	23.553907	1400	2.295148	0.36
0.16270354	25.36938	1500	2.292405	0.35
0.40481937	25.70829	1600	2.2916303	0.35
0.23932555	25.561165	1700	2.2929463	0.35
0.30935007	27.363373	1800	2.2868354	0.35
0.22725268	28.668476	1900	2.2924464	0.36
0.4246274	29.09119	2000	2.2843912	0.36
0.4185299	28.337368	2100	2.285941	0.37
0.27711707	29.372978	2200	2.2869134	0.36
0.33975002	28.437511	2300	2.2876391	0.37
0.44518173	28.369028	2400	2.2829432	0.36
0.40596846	28.541668	2500	2.2829468	0.37
0.5742559	29.322065	2600	2.284626	0.36
0.2675137	30.828455	2700	2.282908	0.36
0.50463146	30.948532	2800	2.2817254	0.37
0.4442737	31.613342	2900	2.2799242	0.37
0.33749297	32.163406	3000	2.283133	0.37
0.86421156	30.634977	3100	2.271484	0.37
0.52070695	31.458372	3200	2.2689958	0.37
0.8361347	30.541094	3300	2.263039	0.37
0.8226958	32.598206	3400	2.2793624	0.37
0.9848834	32.619614	3500	2.2580376	0.37
0.6672835	31.498657	3600	2.2696984	0.37
1.5503969	32.264805	3700	2.25839	0.37
0.7057726	32.013954	3800	2.272219	0.37
1.0663053	29.78543	3900	2.2610202	0.37
1.6977926	27.511494	4000	2.2480826	0.37
1.6909137	31.11239	4100	2.2442458	0.37
1.70317	29.482548	4200	2.2419724	0.37
1.6260525	31.498022	4300	2.2498813	0.37
1.5800449	28.241335	4400	2.2469833	0.37
2.114591	29.779043	4500	2.242874	0.37
2.6919465	28.967981	4600	2.2231967	0.37
2.0678446	27.469963	4700	2.225584	0.37
2.6801815	29.02415	4800	2.2214465	0.38
3.070164	28.750095	4900	2.227346	0.37
8.322085	27.298634	5000	2.1809206	0.38
12.696057	27.787983	5100	2.1486118	0.37
2.2287	27.17313	5200	2.229569	0.37
3.3071027	27.418865	5300	2.2159016	0.37
4.032892	27.510706	5400	2.2490885	0.38
4.1798396	28.467213	5500	2.2049584	0.38
8.038284	26.364794	5600	2.1557438	0.38
3.7222629	26.508507	5700	2.214933	0.38
6.7261853	27.517635	5800	2.1923249	0.38
5.615548	27.495792	5900	2.2277992	0.38
12.532462	28.537224	6000	2.1512232	0.37
6.948642	27.00504	6100	2.1843734	0.37
5.1447096	27.658674	6200	2.1632602	0.37
5.489727	29.474285	6300	2.1697755	0.37
9.778205	27.143227	6400	2.1456082	0.37
8.92169	28.808632	6500	2.157327	0.37
8.080178	27.703114	6600	2.1412928	0.37
8.872112	28.297909	6700	2.1807868	0.38
9.192173	27.152428	6800	2.1319203	0.37
6.34537	27.33665	6900	2.1723876	0.38
16.46986	27.418423	7000	2.1406078	0.37
11.204712	28.0578	7100	2.1263301	0.37
9.754927	28.220919	7200	2.1009223	0.37
5.720579	28.03414	7300	2.2303529	0.37
9.808237	28.336742	7400	2.2041383	0.37
8.213498	29.090202	7500	2.1111202	0.37
6.937404	28.370407	7600	2.0898042	0.37
10.343461	28.810051	7700	2.0467067	0.37
11.422867	28.038052	7800	2.1193306	0.38
24.481783	27.865189	7900	2.0857596	0.4
10.205364	28.62771	8000	2.078428	0.41
9.761767	26.735222	8100	2.2118926	0.44
15.737563	28.436913	8200	2.1324668	0.44
19.97059	28.842888	8300	2.1021636	0.45
10.277634	28.1543	8400	2.0849423	0.45
11.4676075	28.929443	8500	2.1226947	0.45
12.1097555	27.40652	8600	2.1072211	0.45
11.173424	29.060755	8700	2.0200245	0.44
9.166735	28.000168	8800	2.0306125	0.45
13.5069895	28.614172	8900	2.151425	0.46
24.93238	29.523811	9000	2.0193868	0.46
13.038455	28.511171	9100	2.0184724	0.47
10.881006	29.354975	9200	2.0457337	0.47
24.562355	29.9304	9300	1.9947475	0.48
21.432503	29.200346	9400	1.9742506	0.48
15.742603	28.285824	9500	1.973745	0.49
29.318771	28.02517	9600	1.9805186	0.49
26.395813	28.010815	9700	1.909298	0.49
19.390617	28.630772	9800	1.9779739	0.49
29.049843	27.012321	9900	2.095211	0.5
23.974703	28.630213	10000	2.0084276	0.51
33.613262	27.37719	10100	1.9829903	0.52
26.496367	27.550488	10200	2.029019	0.52
23.33432	28.213799	10300	2.0014944	0.54
33.257725	27.820444	10400	1.9704434	0.55
38.901066	27.526487	10500	2.0362167	0.56
26.067924	28.528065	10600	1.9544405	0.56
29.90932	29.562077	10700	1.9842541	0.55
30.896404	28.072372	10800	1.9927642	0.55
26.838133	28.393642	10900	1.977951	0.58
26.51772	27.384092	11000	2.012149	0.57
22.206167	28.323671	11100	1.997586	0.58
24.403246	28.157833	11200	1.8437731	0.58
14.65116	28.464205	11300	1.8232667	0.58
22.31546	27.094328	11400	2.0649168	0.59
17.220606	27.231844	11500	1.8913609	0.58
31.339794	27.49636	11600	2.0006652	0.58
17.841677	27.404423	11700	2.0760548	0.6
17.052872	28.597988	11800	1.8988835	0.6
13.186063	27.69064	11900	1.9209881	0.6
24.605583	27.463501	12000	1.991437	0.6
32.006035	26.609383	12100	2.0269525	0.6
43.918266	27.051643	12200	1.9165748	0.6
16.957924	26.059029	12300	1.933762	0.6
22.043005	26.606636	12400	1.8861126	0.6
22.402971	28.96296	12500	1.8937652	0.6
19.373796	29.514606	12600	1.9646002	0.6
18.079824	25.884617	12700	1.9504998	0.6
50.990665	26.937426	12800	1.873388	0.6
48.289593	28.242405	12900	1.8914077	0.61
28.22057	26.735733	13000	1.9924122	0.61
22.515804	28.575413	13100	1.8589996	0.61
17.563423	26.83948	13200	1.883527	0.61
18.146795	28.538109	13300	1.8634253	0.61
26.730637	28.025236	13400	1.8444027	0.61
29.623314	26.948711	13500	2.0020008	0.61
33.33388	27.600542	13600	1.8189609	0.61
20.158821	27.814106	13700	1.9293789	0.61
67.831085	28.33055	13800	1.9240268	0.61
14.232479	25.820536	13900	1.9092743	0.61
37.72839	26.726349	14000	1.7584673	0.61
23.642334	26.444262	14100	1.9430014	0.61
22.947622	27.346144	14200	1.927709	0.61
29.590437	27.150951	14300	1.8380692	0.61
20.162964	26.1419	14400	1.7884934	0.61
19.628096	26.400646	14500	1.8548734	0.61
21.40982	26.38134	14600	1.865007	0.61
31.532696	26.927933	14700	1.8020519	0.61
36.31992	26.850569	14800	1.939176	0.61
50.569637	26.261852	14900	1.9450611	0.61
24.992506	26.029615	15000	1.8680035	0.61
26.260218	26.991407	15100	1.842078	0.61
50.78228	26.500908	15200	1.9632995	0.61
57.310444	27.118532	15300	1.8502986	0.61
23.82494	25.343422	15400	1.9404857	0.61
23.095642	25.606083	15500	1.815177	0.61
50.921124	27.185186	15600	1.8943317	0.61
35.93018	27.395103	15700	1.8614953	0.61
30.407377	25.626392	15800	1.8270962	0.61
62.627422	25.99739	15900	1.816272	0.61
54.025997	26.65382	16000	1.8120079	0.61
18.313969	25.41959	16100	1.9627756	0.61
25.433031	26.658688	16200	1.7673079	0.62
38.86169	27.74375	16300	1.9020799	0.62
49.549248	27.938643	16400	1.9188385	0.61
42.15259	26.777115	16500	1.862097	0.62
30.229649	25.9203	16600	1.9696972	0.62
30.209372	25.656498	16700	1.9004047	0.61
49.449	26.877182	16800	1.9028505	0.61
20.575844	26.239262	16900	1.8836244	0.62
40.194473	26.390764	17000	1.8984703	0.61
21.80558	26.263683	17100	1.7493107	0.62
27.716455	26.919537	17200	1.8066925	0.62
32.364548	25.490768	17300	1.8917574	0.62
33.33176	25.753998	17400	1.9122925	0.63
24.510406	26.319359	17500	1.8652891	0.63
47.59447	27.531704	17600	1.9159396	0.62
25.14896	25.104326	17700	1.8694057	0.63
15.006503	25.410488	17800	1.8934094	0.63
47.004345	27.167881	17900	1.8227737	0.63
23.334047	26.802044	18000	1.7737443	0.62
20.880444	25.785435	18100	1.8885269	0.63
39.041077	26.89651	18200	1.8747181	0.63
69.19443	27.670584	18300	1.8399519	0.63
31.44182	26.745686	18400	1.9009378	0.63
21.871922	24.906532	18500	1.8724201	0.64
25.861057	28.360222	18600	1.7807451	0.64
58.150803	25.685223	18700	1.9138558	0.64
21.006617	25.994686	18800	1.818026	0.64
45.93766	25.27402	18900	1.8075386	0.65
93.91443	24.352215	19000	1.8328257	0.65
14.831339	25.636887	19100	1.7999985	0.65
35.22959	25.13335	19200	1.8389246	0.66
55.882305	29.023289	19300	1.790293	0.65
54.800774	26.2085	19400	1.765564	0.66
87.901184	26.35561	19500	1.7816107	0.65
64.69397	25.636826	19600	1.8630819	0.66
58.827747	26.05054	19700	1.7317156	0.66
31.602812	26.853859	19800	1.8024032	0.66
29.278246	23.875256	19900	1.8706264	0.67
55.588703	26.11098	20000	1.8354523	0.67
39.374535	24.67561	20100	1.956522	0.67
27.520933	24.836975	20200	1.7567551	0.68
29.715351	24.727837	20300	1.8135216	0.68
59.503906	26.533619	20400	1.7903309	0.69
26.909405	26.858524	20500	1.7712605	0.69
35.58747	26.667938	20600	1.8000873	0.69
23.159218	25.84084	20700	1.7561468	0.69
33.689304	25.279339	20800	1.7671793	0.7
28.810751	24.799137	20900	1.8174623	0.69
27.994963	25.842674	21000	1.8618215	0.7
90.37014	25.503763	21100	1.8608669	0.7
40.56547	24.615889	21200	1.8373907	0.7
37.90576	25.414501	21300	1.853977	0.7
79.92507	26.987408	21400	1.8135074	0.7
36.091354	25.328056	21500	1.7177937	0.7
80.06231	26.392511	21600	1.8223488	0.7
16.997297	27.622292	21700	1.7552433	0.7
23.719286	25.286995	21800	1.7263559	0.7
35.05853	27.137173	21900	1.7401947	0.7
27.512863	26.92985	22000	1.8101057	0.7
33.847523	24.57087	22100	1.7696707	0.7
99.55394	25.987322	22200	1.7544763	0.7
47.315926	25.90049	22300	1.7471437	0.7
51.837433	24.515781	22400	1.7835127	0.7
23.258942	25.124525	22500	1.7631922	0.7
30.631247	25.39794	22600	1.7244043	0.7
85.54923	25.979168	22700	1.8111833	0.7
23.606396	23.96193	22800	1.7152364	0.7
105.71094	26.116013	22900	1.714064	0.7
39.874557	25.935467	23000	1.7971576	0.7
63.721806	25.3424	23100	1.8114916	0.7
52.4664	25.436907	23200	1.8149459	0.7
66.89717	26.465466	23300	1.8100712	0.7
60.893406	26.958332	23400	1.7992958	0.7
56.967197	26.559324	23500	1.8582443	0.7
91.65467	24.951456	23600	1.8728602	0.7
54.746162	26.754477	23700	1.7132266	0.71
45.453186	25.471527	23800	1.734176	0.71
44.62224	25.906914	23900	1.803957	0.7
73.4928	26.660187	24000	1.6244901	0.7
55.64697	27.67254	24100	1.7827	0.7
31.889883	26.689713	24200	1.7135195	0.71
28.74528	26.524117	24300	1.7422472	0.71
39.032986	26.726585	24400	1.7069232	0.72
31.070864	25.222311	24500	1.8025322	0.72
13.245203	24.952587	24600	1.7660217	0.72
17.813755	24.216646	24700	1.7882035	0.71
35.75511	24.523838	24800	1.7895968	0.7
28.050524	25.480877	24900	1.6831386	0.71
28.67693	24.760183	25000	1.8652248	0.71
69.51603	26.60989	25100	1.829174	0.72
27.63062	26.731478	25200	1.7559917	0.72
52.532394	25.34838	25300	1.7248809	0.72
33.9702	25.826399	25400	1.8169496	0.72
42.158165	25.405539	25500	1.7255332	0.72
61.381256	27.603127	25600	1.6981163	0.72
23.347408	23.545843	25700	1.6356674	0.72
38.301224	25.578053	25800	1.7930641	0.73
54.253864	25.81198	25900	1.7135277	0.72
25.767548	26.906471	26000	1.707249	0.72
34.45377	26.440975	26100	1.7249811	0.73
59.8709	25.860691	26200	1.8702762	0.73
53.606575	24.434647	26300	1.7474985	0.72
41.712215	26.536545	26400	1.745319	0.74
26.886421	26.987318	26500	1.7260635	0.74
47.122963	26.883211	26600	1.8109484	0.74
20.250208	25.725994	26700	1.7860343	0.74
72.01895	24.969002	26800	1.7961721	0.74
34.2978	25.973509	26900	1.8024032	0.74
73.43978	25.617075	27000	1.7193308	0.74
76.52347	26.22028	27100	1.7248551	0.74
23.685776	26.19276	27200	1.6894878	0.74
22.596594	24.678762	27300	1.7502034	0.74
95.59548	27.4192	27400	1.774642	0.74
12.970636	24.02909	27500	1.6777947	0.74
52.2894	25.123058	27600	1.8098224	0.74
49.294144	26.705183	27700	1.7277403	0.74
28.884972	26.241886	27800	1.654789	0.74
67.34698	26.838959	27900	1.7496011	0.74
23.421814	25.270351	28000	1.6825428	0.74
29.152328	25.040028	28100	1.8037266	0.74
36.526073	26.268444	28200	1.789637	0.74
25.389015	25.084091	28300	1.6797802	0.74
33.680965	23.535192	28400	1.7586495	0.74
44.599228	25.83861	28500	1.7696028	0.74
51.67622	24.487926	28600	1.7376003	0.74
40.998096	26.009186	28700	1.664089	0.74
41.342495	27.050148	28800	1.7151635	0.74
82.211525	26.925045	28900	1.6949952	0.74
44.64815	25.93585	29000	1.6484607	0.74
19.266716	24.539814	29100	1.6601517	0.73
19.636091	25.14578	29200	1.7682241	0.73
42.049778	24.589592	29300	1.7138922	0.73
37.880558	25.790878	29400	1.7026314	0.74
32.97654	25.1315	29500	1.7499619	0.74
28.767569	24.806005	29600	1.8899304	0.73
38.884216	24.672272	29700	1.7104794	0.73
48.666412	27.096876	29800	1.7287655	0.74
24.265762	24.906267	29900	1.7152112	0.74
