0.40564528	8.5064125	0	2.3033166	0.14
0.31914333	8.559301	100	2.3020082	0.14
0.20127404	9.430544	200	2.3024197	0.15
0.64259887	9.870039	300	2.2986863	0.21
0.29702553	10.472609	400	2.3002756	0.19
0.38146836	11.295337	500	2.3004704	0.15
1.520306	10.187311	600	2.2906437	0.16
0.81226593	10.664555	700	2.3056438	0.19
0.62301826	9.466036	800	2.3029766	0.17
0.6162738	9.023194	900	2.2946174	0.18
0.95113534	7.9956226	1000	2.2960024	0.16
0.9912605	7.356645	1100	2.2954948	0.15
0.34309953	7.8515835	1200	2.2993	0.14
1.356654	6.8673687	1300	2.2899604	0.14
0.5448449	7.3746977	1400	2.29244	0.12
1.0334234	7.1216984	1500	2.2870293	0.11
0.76486886	7.218368	1600	2.2989745	0.11
1.6169319	7.1373887	1700	2.2987163	0.11
1.8842419	6.706705	1800	2.3031344	0.11
2.5499914	6.636116	1900	2.3001847	0.12
5.849893	6.331258	2000	2.2624967	0.12
2.403789	6.9245462	2100	2.2806928	0.11
5.6577816	7.661909	2200	2.267116	0.12
2.1637053	7.3046904	2300	2.2741017	0.12
2.3171659	7.8833923	2400	2.296868	0.13
8.032493	7.611918	2500	2.2671533	0.13
4.3715906	7.1398563	2600	2.269863	0.14
2.0970075	7.8155937	2700	2.2871494	0.16
16.285305	7.698006	2800	2.2419562	0.16
4.621132	7.6908703	2900	2.258096	0.16
2.8773544	7.8873034	3000	2.2833457	0.17
4.3056803	8.341881	3100	2.294811	0.16
2.5428193	8.34363	3200	2.260575	0.16
14.258224	8.736289	3300	2.29273	0.17
12.7885895	8.530593	3400	2.285067	0.16
5.492803	8.905122	3500	2.277831	0.17
11.618637	9.084378	3600	2.2969987	0.17
6.1506314	10.341677	3700	2.2606223	0.17
7.3899174	10.259022	3800	2.239426	0.18
11.630534	9.548388	3900	2.2593026	0.17
6.2271175	10.031769	4000	2.2475555	0.17
17.739864	10.327573	4100	2.2152665	0.18
19.935759	10.3723	4200	2.261409	0.19
5.0759478	10.889622	4300	2.25874	0.18
6.0798874	11.488901	4400	2.2733088	0.2
9.311847	11.82898	4500	2.2622783	0.2
13.393961	11.298041	4600	2.2668796	0.19
5.4032836	12.132294	4700	2.269098	0.21
15.551345	11.948823	4800	2.2653267	0.2
8.665957	12.222521	4900	2.2489543	0.2
24.957699	12.85941	5000	2.2503808	0.22
6.887759	12.950019	5100	2.2591777	0.21
4.960772	12.824584	5200	2.2677472	0.21
7.26774	14.055258	5300	2.2183266	0.2
7.401452	13.414231	5400	2.242852	0.22
5.334598	13.5686655	5500	2.2815394	0.21
33.52026	13.806817	5600	2.2382443	0.19
5.2611594	15.187054	5700	2.2522511	0.21
31.212059	14.073194	5800	2.2284505	0.21
17.058641	14.667205	5900	2.2345867	0.22
46.712337	14.7895	6000	2.200848	0.22
15.64071	15.005747	6100	2.2518291	0.22
17.33635	15.412386	6200	2.229318	0.22
38.498974	15.210891	6300	2.2818966	0.22
20.293348	15.38073	6400	2.2069438	0.22
19.710535	16.46904	6500	2.2427125	0.24
12.658435	16.669209	6600	2.1916008	0.23
37.56998	15.959491	6700	2.2425835	0.23
16.431475	16.519245	6800	2.214105	0.23
30.82765	17.389156	6900	2.2164187	0.23
21.182095	16.513329	7000	2.189468	0.23
27.373182	16.38858	7100	2.2522874	0.22
54.26387	17.242771	7200	2.2539382	0.22
8.628814	16.889582	7300	2.2309976	0.22
18.810125	17.674313	7400	2.2070146	0.23
10.527001	17.434769	7500	2.2333379	0.23
19.710024	15.996178	7600	2.2537198	0.23
44.4449	16.888123	7700	2.2778938	0.23
28.07091	17.796993	7800	2.19592	0.23
31.26291	17.22622	7900	2.2181594	0.23
78.16456	17.768812	8000	2.2367246	0.25
34.6877	16.779612	8100	2.2017064	0.25
17.695812	17.833115	8200	2.2496917	0.25
54.956776	18.600496	8300	2.19776	0.27
39.260017	17.279327	8400	2.2308228	0.26
37.477474	18.887375	8500	2.1965919	0.26
19.126375	18.415043	8600	2.1740038	0.26
65.83295	18.692398	8700	2.248764	0.26
63.60426	17.487297	8800	2.1851869	0.25
38.52311	17.133068	8900	2.2217205	0.25
17.865229	18.263403	9000	2.219649	0.25
24.739256	18.245487	9100	2.2150083	0.25
40.692955	18.031458	9200	2.1872163	0.25
102.118774	16.789894	9300	2.2230713	0.26
123.11937	17.400652	9400	2.2330937	0.25
24.512486	18.548328	9500	2.2060535	0.25
42.71431	16.982584	9600	2.260777	0.26
26.486279	17.915054	9700	2.2197773	0.24
39.211	18.95475	9800	2.2212176	0.26
25.034376	17.358524	9900	2.2329326	0.26
33.10618	17.212828	10000	2.1279671	0.27
29.186115	18.003365	10100	2.256352	0.27
122.3763	17.985945	10200	2.2245035	0.29
9.759528	17.145634	10300	2.2329452	0.3
21.193146	18.134539	10400	2.2235124	0.29
51.80288	18.786316	10500	2.1981938	0.29
27.47018	17.561834	10600	2.2272673	0.27
21.196468	18.304165	10700	2.2156816	0.27
45.949226	18.55304	10800	2.1558886	0.27
48.03154	17.92753	10900	2.2115917	0.29
88.30983	18.716751	11000	2.1744092	0.28
35.853622	17.266586	11100	2.1882632	0.29
129.94316	18.025398	11200	2.1484292	0.29
28.962374	17.630554	11300	2.2073112	0.29
85.52798	18.575771	11400	2.1156273	0.29
43.778633	18.41325	11500	2.2199962	0.28
92.58337	18.060095	11600	2.1686964	0.29
85.86989	17.694996	11700	2.1494899	0.29
119.37548	17.243414	11800	2.1869335	0.29
22.416437	17.615177	11900	2.1988666	0.3
57.92073	17.635902	12000	2.1195352	0.28
89.39112	17.796415	12100	2.2176797	0.27
226.71712	17.598446	12200	2.2296913	0.28
49.461117	17.064468	12300	2.2403877	0.29
31.4623	17.592184	12400	2.229524	0.29
69.01756	18.09075	12500	2.1721134	0.29
64.62626	17.338531	12600	2.1692147	0.3
132.84012	17.445684	12700	2.1599803	0.31
64.538185	17.032164	12800	2.1753883	0.29
173.37508	17.801105	12900	2.141618	0.32
60.433067	17.956589	13000	2.1800494	0.3
66.07902	18.015686	13100	2.153538	0.29
71.35169	18.014126	13200	2.116508	0.31
69.4638	16.706839	13300	2.1199863	0.3
70.907196	18.481785	13400	2.1081042	0.3
62.14897	16.050646	13500	2.2266345	0.29
87.90816	16.314587	13600	2.178777	0.3
245.76822	17.743116	13700	2.1722639	0.3
59.184284	17.773685	13800	2.236322	0.31
33.343044	16.716337	13900	2.2477977	0.3
165.24826	17.39141	14000	2.1254876	0.31
123.875725	18.03411	14100	2.116837	0.32
44.986477	17.830856	14200	2.1179798	0.31
239.38145	18.099483	14300	2.2013087	0.31
140.65735	17.670746	14400	2.1280167	0.31
154.56862	17.346178	14500	2.1275196	0.3
108.84014	17.714144	14600	2.2219071	0.31
100.25408	18.39405	14700	2.1497962	0.3
96.52134	17.00543	14800	2.1570926	0.29
85.57061	18.623978	14900	2.158547	0.29
180.5088	17.213963	15000	2.1644986	0.31
44.96814	17.796917	15100	2.1849117	0.29
220.45618	18.460022	15200	2.2116625	0.33
92.894135	18.658424	15300	2.1583867	0.31
163.12024	18.64927	15400	2.0709558	0.29
88.319046	18.332777	15500	2.140531	0.32
95.94364	18.521927	15600	2.130025	0.3
105.26825	18.588715	15700	2.1755214	0.3
61.081684	18.79454	15800	2.174371	0.31
438.6897	18.805862	15900	2.2066371	0.31
53.331333	18.626627	16000	2.187845	0.31
364.90598	18.468153	16100	2.1901278	0.33
325.64075	18.504429	16200	2.1528811	0.31
97.63953	19.241066	16300	2.201978	0.32
137.7955	18.697197	16400	2.1477802	0.33
54.66853	17.372406	16500	2.2276711	0.3
124.47732	18.5649	16600	2.1058688	0.32
249.15578	18.611563	16700	2.068444	0.32
46.817062	19.480846	16800	2.1114047	0.3
213.44754	18.478058	16900	2.0872	0.33
197.34058	18.016792	17000	2.0887196	0.31
198.8454	17.22897	17100	2.14206	0.33
67.5849	18.402187	17200	2.1843548	0.32
180.82869	19.179764	17300	2.1896539	0.31
78.50209	17.68828	17400	2.1643548	0.33
389.22125	18.405704	17500	2.1262183	0.33
170.5553	17.561495	17600	2.138244	0.31
56.58071	18.79295	17700	2.1263065	0.31
28.558605	17.930435	17800	2.1309624	0.32
327.6837	17.92551	17900	2.054031	0.3
125.20442	19.228504	18000	2.0852766	0.32
195.64201	18.38702	18100	2.023072	0.32
104.208694	18.574442	18200	2.1618347	0.32
50.685066	18.333637	18300	2.13455	0.31
198.61983	19.351433	18400	2.0425978	0.32
160.38254	18.24485	18500	2.1892977	0.33
120.742294	19.764902	18600	2.1468406	0.33
237.31143	18.288006	18700	1.9996719	0.33
317.52667	19.27332	18800	2.0541542	0.3
287.18762	20.134867	18900	2.1585288	0.33
219.69868	19.622242	19000	2.119563	0.34
435.48917	19.724264	19100	2.1236272	0.31
198.0345	18.955463	19200	2.1343765	0.32
248.7848	18.436922	19300	2.168812	0.31
83.96038	18.374302	19400	2.1081147	0.32
133.62492	19.614975	19500	2.1353714	0.33
677.1462	18.898056	19600	2.0970125	0.34
78.37901	17.9609	19700	2.1659286	0.32
203.7894	17.94385	19800	2.2184384	0.32
81.65017	18.184792	19900	2.1820865	0.33
115.325584	18.608494	20000	2.114185	0.34
521.4869	18.709888	20100	2.193399	0.33
53.439568	18.652939	20200	2.1792693	0.33
222.93765	18.729969	20300	2.1539295	0.32
287.94693	19.369083	20400	1.9966676	0.34
25.64654	18.249224	20500	2.143657	0.33
196.19885	19.307964	20600	2.1123614	0.33
288.4815	18.243923	20700	2.0929444	0.33
282.65546	18.276398	20800	2.123695	0.32
199.12175	19.11813	20900	2.192246	0.32
70.745895	18.802425	21000	2.1012998	0.32
33.39743	18.432533	21100	2.1216905	0.32
76.9299	17.108656	21200	2.228706	0.34
494.085	18.241184	21300	2.1304693	0.35
263.2211	21.032778	21400	2.0617974	0.34
292.5206	18.643932	21500	2.081099	0.35
190.86069	19.805557	21600	2.116053	0.33
200.42136	19.480122	21700	2.0398662	0.32
291.93005	18.838093	21800	2.0857544	0.33
419.62885	19.93597	21900	2.0493932	0.34
166.00853	18.832214	22000	2.0514503	0.33
197.52771	18.23056	22100	2.2239878	0.33
437.11127	20.199848	22200	2.0817046	0.34
136.76704	18.355928	22300	2.189928	0.32
290.79343	19.557447	22400	1.9931809	0.33
230.96027	18.359785	22500	2.1251342	0.33
424.3181	19.227491	22600	2.1322398	0.33
193.59703	18.744896	22700	2.129786	0.35
250.97234	18.481918	22800	2.1427326	0.35
203.95079	18.87243	22900	2.1551504	0.32
134.25008	18.556698	23000	2.0423024	0.33
179.39603	18.164865	23100	2.2463238	0.34
250.9682	18.643782	23200	2.1361709	0.34
323.8517	19.084185	23300	2.1474898	0.32
45.403023	18.333807	23400	2.1953473	0.33
163.95912	18.544167	23500	2.1453242	0.32
192.82082	19.994724	23600	2.0535858	0.31
460.70218	17.43338	23700	2.194311	0.33
72.907486	18.48568	23800	2.1916854	0.34
108.78172	20.153896	23900	2.1322777	0.34
266.16992	20.119148	24000	2.021999	0.31
289.65002	19.094099	24100	2.1068978	0.32
393.93173	19.011974	24200	2.1146367	0.31
97.06128	20.537169	24300	2.089479	0.34
940.1739	20.146896	24400	2.0491323	0.32
429.62512	19.788347	24500	2.016166	0.31
477.6855	20.143179	24600	2.1374693	0.33
157.5042	19.557652	24700	2.1060648	0.34
385.56998	18.724285	24800	2.1749866	0.33
107.012726	18.128815	24900	2.2448773	0.31
347.455	18.273804	25000	2.1942658	0.31
166.65657	19.018047	25100	2.0720165	0.32
155.29716	19.167812	25200	2.0857415	0.31
146.08868	19.212154	25300	2.0147567	0.3
166.94936	18.262663	25400	2.1420467	0.32
199.69632	19.540693	25500	2.0691066	0.34
170.33583	19.074749	25600	2.0482037	0.32
232.89261	18.769947	25700	2.065914	0.33
34.738953	18.854378	25800	2.1362474	0.34
243.72652	18.428593	25900	2.0744834	0.34
382.39337	19.600094	26000	2.0128672	0.33
292.9068	20.138012	26100	2.025517	0.32
205.11319	18.483955	26200	2.1671433	0.35
145.773	19.377558	26300	2.1061738	0.31
261.2661	18.624176	26400	2.1060605	0.32
216.8149	19.561615	26500	2.061543	0.33
194.99539	20.027863	26600	1.9741542	0.33
124.47078	18.194223	26700	2.183741	0.33
108.91351	19.827995	26800	2.115254	0.32
156.79642	17.911343	26900	2.1889389	0.32
542.80255	18.80347	27000	2.126635	0.33
391.59778	19.384575	27100	2.1375706	0.33
215.94348	18.51397	27200	2.1270862	0.32
97.15367	18.411163	27300	2.122569	0.32
193.34113	17.162844	27400	2.050112	0.31
190.7213	20.453152	27500	1.9905994	0.33
102.93844	20.178293	27600	2.0369437	0.35
472.27887	18.582397	27700	2.0742774	0.32
228.32367	18.903103	27800	2.0919085	0.33
904.00665	19.880278	27900	2.000593	0.32
317.27585	20.204277	28000	2.1144652	0.31
61.188854	18.743225	28100	2.0980766	0.33
77.7367	19.102928	28200	2.0269198	0.31
384.53284	20.191107	28300	2.0195868	0.31
207.34744	17.720877	28400	2.082999	0.34
299.78485	19.935614	28500	1.9451468	0.34
135.47392	19.18264	28600	2.0736	0.31
320.1284	19.926144	28700	2.074903	0.33
198.18466	20.891415	28800	2.053913	0.32
146.31651	18.297348	28900	2.0872726	0.32
186.84583	19.409868	29000	2.0877128	0.34
468.9738	20.93771	29100	1.991896	0.35
137.60384	17.761883	29200	2.1072154	0.34
270.8976	16.913187	29300	2.1301634	0.32
960.5567	17.93971	29400	2.1391814	0.31
681.90735	20.642183	29500	2.0134916	0.32
341.39246	19.042412	29600	2.0635808	0.32
529.54694	19.920921	29700	2.0930035	0.32
111.902084	20.1711	29800	2.012989	0.34
252.20049	19.315042	29900	2.11599	0.32
