0.0513344	8.616472	0	2.3014464	0.06
0.06303855	8.665138	100	2.3005588	0.06
0.02819205	9.522198	200	2.30182	0.06
0.10572202	9.928581	300	2.3042102	0.05
0.03868353	10.5426655	400	2.302435	0.06
0.05139137	11.3146305	500	2.2992392	0.08
0.15024492	10.15987	600	2.3033714	0.08
0.11224877	10.646191	700	2.299698	0.08
0.0647276	9.691966	800	2.3005755	0.08
0.054471612	9.070892	900	2.302262	0.09
0.13465936	8.054487	1000	2.3012733	0.09
0.044093523	7.3520746	1100	2.3015285	0.09
0.050027553	7.878914	1200	2.3022177	0.09
0.051474158	6.916213	1300	2.2986236	0.1
0.032770064	7.481842	1400	2.3015594	0.11
0.09863167	7.159692	1500	2.301394	0.12
0.07399888	7.3953204	1600	2.3007052	0.14
0.07981957	7.2980075	1700	2.3006406	0.15
0.12532432	6.8012114	1800	2.298655	0.16
0.11712506	6.5813847	1900	2.3014925	0.18
0.10359717	6.2124257	2000	2.2970905	0.18
0.06823091	6.726399	2100	2.3005042	0.18
0.07857918	7.37656	2200	2.2971635	0.18
0.057502795	7.0996785	2300	2.2982593	0.17
0.06526835	7.3670006	2400	2.301192	0.17
0.15221147	6.9343476	2500	2.2960432	0.17
0.100736134	6.199062	2600	2.2982974	0.17
0.14901121	7.109984	2700	2.2987678	0.16
0.091642044	6.263144	2800	2.2941766	0.16
0.15411334	6.369878	2900	2.296513	0.16
0.07879702	6.3819027	3000	2.2978	0.13
0.079763025	6.7187614	3100	2.2964764	0.12
0.04245999	6.4187403	3200	2.297192	0.13
0.09822719	7.0140147	3300	2.297251	0.11
0.085207105	6.6979427	3400	2.2991872	0.11
0.0903953	6.7470493	3500	2.2963543	0.11
0.1471246	6.8190775	3600	2.297671	0.11
0.14270395	7.135228	3700	2.300632	0.11
0.09408485	7.0781775	3800	2.2934308	0.11
0.14798601	6.3462915	3900	2.292601	0.11
0.08928181	6.5426836	4000	2.2950172	0.11
0.13714886	6.691464	4100	2.2894142	0.11
0.044956077	6.364222	4200	2.298016	0.11
0.05509578	6.9038587	4300	2.2970822	0.11
0.1157784	6.959728	4400	2.2974472	0.11
0.17619014	7.2542276	4500	2.3022594	0.11
0.07780462	6.998975	4600	2.2977173	0.11
0.05402239	7.115392	4700	2.2943773	0.11
0.15274452	6.8319163	4800	2.294434	0.11
0.1251769	7.019562	4900	2.2921953	0.1
0.120622225	6.7186575	5000	2.2960722	0.1
0.096833535	7.043886	5100	2.2975717	0.1
0.049779225	6.9695864	5200	2.293056	0.1
0.105030276	7.2780104	5300	2.299235	0.1
0.18674923	6.599514	5400	2.29544	0.1
0.17479059	7.1864347	5500	2.298114	0.1
0.114148565	6.6549587	5600	2.2957973	0.1
0.15044217	7.488347	5700	2.2960744	0.1
0.39555347	6.5521355	5800	2.2863078	0.1
0.18388765	6.7216105	5900	2.2880034	0.1
0.19878119	6.8459654	6000	2.2871532	0.09
0.079161696	7.209195	6100	2.2976885	0.09
0.13760942	6.615758	6200	2.2934651	0.09
0.2111719	7.1224737	6300	2.3030677	0.1
0.23743187	7.034257	6400	2.2843058	0.1
0.21492921	7.2604685	6500	2.2992318	0.1
0.19702058	7.286834	6600	2.2915187	0.1
0.23290119	7.5642185	6700	2.2877104	0.1
0.1374703	7.1759605	6800	2.291401	0.1
0.19969037	7.6427546	6900	2.2990649	0.1
0.09105574	7.095401	7000	2.2896752	0.1
0.31108302	7.4582963	7100	2.2868671	0.1
0.32366073	7.17968	7200	2.2921066	0.1
0.08851037	7.992465	7300	2.2908921	0.1
0.12674862	7.72375	7400	2.2918677	0.1
0.1218268	8.046335	7500	2.295166	0.1
0.31561932	6.890521	7600	2.2933006	0.1
0.50799567	7.347228	7700	2.3015962	0.09
0.2684084	7.0276403	7800	2.2864099	0.1
0.5514645	6.694253	7900	2.281588	0.09
0.43732822	7.587369	8000	2.2833073	0.09
0.34096038	7.3125567	8100	2.279983	0.09
0.217324	8.27688	8200	2.2890415	0.09
0.36312044	7.8530703	8300	2.2928176	0.09
0.2678998	7.4172006	8400	2.285894	0.09
0.40593842	7.541809	8500	2.28548	0.1
0.4052292	7.7585335	8600	2.2863164	0.09
0.32269958	8.021376	8700	2.290619	0.09
0.54888207	7.155383	8800	2.2822666	0.09
0.47023845	7.4417353	8900	2.2755733	0.09
0.27719617	8.238706	9000	2.286559	0.09
0.46862406	8.065981	9100	2.2886786	0.09
0.19708167	7.638817	9200	2.2824378	0.09
0.83809507	7.3712797	9300	2.2691436	0.09
0.67590475	7.154442	9400	2.2810352	0.09
0.68237287	8.14067	9500	2.2786276	0.09
0.64688504	7.485322	9600	2.2900314	0.09
0.2009807	8.439644	9700	2.2831368	0.09
0.23392645	7.8645663	9800	2.2883961	0.09
0.2916309	8.444393	9900	2.2807956	0.09
1.2156553	7.4603944	10000	2.260627	0.09
0.38547572	8.480611	10100	2.2971287	0.09
0.6051065	8.231819	10200	2.2892766	0.09
0.590961	8.194422	10300	2.2836242	0.09
0.6595962	8.282112	10400	2.274952	0.09
0.36818147	9.060703	10500	2.2796242	0.09
0.30096412	8.966363	10600	2.295335	0.09
0.23105554	8.690294	10700	2.2877688	0.09
0.32934427	8.309876	10800	2.2706764	0.09
0.50421196	8.540526	10900	2.2933002	0.09
0.21269496	8.551444	11000	2.2827103	0.09
0.2713741	8.424509	11100	2.273908	0.09
0.8273954	8.597773	11200	2.2668052	0.09
0.29352677	8.789059	11300	2.2816505	0.09
0.2886587	8.803631	11400	2.2723498	0.09
0.26373926	9.068374	11500	2.2899082	0.09
0.4644568	8.971151	11600	2.2921097	0.09
0.2547235	8.68813	11700	2.2807746	0.09
0.43833265	8.7107725	11800	2.270417	0.09
0.47545248	9.010672	11900	2.289392	0.09
0.6858719	8.701845	12000	2.2584412	0.09
0.5571322	9.125883	12100	2.2847488	0.09
0.63015705	9.090251	12200	2.2972069	0.09
0.76717144	8.656549	12300	2.2875032	0.09
0.53039235	9.232605	12400	2.2855885	0.09
0.31510535	8.953523	12500	2.2702549	0.09
0.4477246	9.578241	12600	2.2732368	0.09
0.3777926	9.531826	12700	2.294468	0.09
0.30923554	9.22057	12800	2.2706459	0.1
0.5919911	9.140087	12900	2.2781904	0.1
0.90807134	8.991211	13000	2.274551	0.11
1.3764614	9.873074	13100	2.2667542	0.11
0.83030164	9.766761	13200	2.2712865	0.09
0.23150365	9.088054	13300	2.27387	0.09
0.7849932	10.357748	13400	2.259507	0.11
1.5409318	9.300152	13500	2.2641072	0.11
0.841828	9.43759	13600	2.2642322	0.11
1.238334	9.963184	13700	2.267104	0.11
0.7701519	9.582676	13800	2.2993252	0.11
0.5103367	10.410496	13900	2.3050768	0.11
0.56488377	9.905664	14000	2.2554984	0.11
0.47936276	10.160967	14100	2.2566774	0.11
3.2066162	10.1178665	14200	2.231919	0.11
1.9738476	10.6050625	14300	2.308302	0.11
0.8363719	10.195916	14400	2.2825665	0.11
2.051933	9.297753	14500	2.2412944	0.11
0.34952566	10.253049	14600	2.287536	0.12
0.4684499	10.957474	14700	2.269797	0.12
1.2108628	10.070641	14800	2.268522	0.12
0.5002336	10.182299	14900	2.264939	0.12
1.2902116	10.880304	15000	2.2656345	0.12
1.1330321	10.52237	15100	2.2505789	0.12
0.80013305	11.04413	15200	2.2792137	0.12
0.8806902	11.294113	15300	2.2744164	0.12
0.505875	10.100321	15400	2.2536008	0.12
1.7171834	11.032719	15500	2.278165	0.12
1.2772089	11.340288	15600	2.264915	0.12
2.2448695	10.975116	15700	2.2789268	0.12
0.50695497	10.900406	15800	2.2835793	0.12
0.54527193	10.876741	15900	2.2994785	0.12
0.8549261	10.86698	16000	2.2647846	0.12
3.7808628	11.401827	16100	2.2977479	0.12
0.52372134	10.55391	16200	2.2672448	0.12
1.5947356	11.250642	16300	2.280291	0.12
1.7915365	11.096173	16400	2.268451	0.12
2.7117682	10.799248	16500	2.258997	0.13
3.1931267	11.818532	16600	2.2320104	0.13
1.2641679	11.250435	16700	2.262	0.13
0.7136257	11.328014	16800	2.2614567	0.13
3.7170994	11.713444	16900	2.258553	0.13
9.891771	10.933027	17000	2.2050648	0.13
3.9487865	10.660741	17100	2.2606132	0.13
0.8605523	11.263952	17200	2.2937863	0.13
1.9802644	11.785224	17300	2.2781413	0.13
2.6014237	11.088114	17400	2.2972693	0.13
2.4481645	10.893919	17500	2.2624888	0.14
1.1870283	11.583313	17600	2.2640662	0.13
1.4025793	11.46773	17700	2.263656	0.14
1.748036	11.56861	17800	2.239473	0.15
3.0371015	11.386793	17900	2.223649	0.15
1.4156548	12.083815	18000	2.2645385	0.15
3.7321036	11.840236	18100	2.2521212	0.15
1.0999038	11.132637	18200	2.256795	0.15
0.59119177	11.601589	18300	2.265305	0.15
5.933923	11.703878	18400	2.285036	0.14
4.6338115	11.9731655	18500	2.2585208	0.15
0.91575205	12.165748	18600	2.2681415	0.15
3.0622115	11.875473	18700	2.2367048	0.15
1.5147158	12.203185	18800	2.2391028	0.15
1.0655481	12.273093	18900	2.2782612	0.15
2.5988889	11.61462	19000	2.2973006	0.15
2.7127671	12.055492	19100	2.2914038	0.15
4.6478605	11.646242	19200	2.2699566	0.16
0.8249039	12.055435	19300	2.2627506	0.15
2.3542964	11.610607	19400	2.2508335	0.15
6.5147467	12.090897	19500	2.2380614	0.15
12.448823	12.065644	19600	2.185569	0.15
1.3414308	11.88509	19700	2.2811015	0.15
1.6407807	12.445056	19800	2.2677238	0.15
3.5538447	12.096542	19900	2.2496727	0.15
